0.184322
8.25644
5.81296
4.51624
7.79481
6.64955
5.0787
2.23432
-0.749518
7.33024
2.69523
6.3695
2.74045
8.09587
4.30032
3.55657
5.07753
5.17449
3.30352
3.35982
5.41724
3.35816
7.37929
2.14778
7.56936
3.07126
8.33207
2.54215
5.74846
5.44663
4.44191
3.11734
4.47244
4.8031
3.16462
3.22348
5.50802
4.24675
4.08408
6.75811
4.41376
8.51738
5.79232
10.6973
6.81529
6.5984
3.00641
4.95659
8.35413
8.64216
5.18794
5.31286
4.37983
4.13924
4.5193
1.43154
2.90044
7.57262
2.19462
4.93179
5.20599
6.2825
7.28658
2.03957
4.34898
4.83487
5.46686
6.15897
3.96766
3.17714
7.80344
4.31684
6.28741
7.22533
3.58083
3.80895
6.60251
5.89035
6.10918
4.79974
6.37041
4.33453
2.54454
6.45559
5.61532
6.84575
2.84476
6.43906
2.52233
7.36874
4.37056
3.40861
7.74035
3.06754
7.06446
3.74005
4.882
4.7663
6.17177
5.8667
5.05614
5.39426
5.85715
3.17107
4.95273
6.93269
6.75951
4.62371
4.72897
8.34165
6.78133
1.61735
3.83674
5.55045
2.25852
5.14304
6.95684
5.9524
5.74141
1.87379
5.28476
5.71597
2.38765
5.77312
2.60311
3.50851
4.06403
3.99336
6.33418
4.69401
1.16737
5.38611
4.04588
5.47309
5.08823
5.21623
0.294816
4.07418
5.28532
4.00621
6.42626
6.32205
5.89611
2.46879
5.92806
6.41015
6.60087
4.39375
6.74708
4.45391
5.26662
3.49295
5.60782
10.6408
0.840929
3.10152
7.1088
5.15126
6.13481
1.17012
5.39811
6.4315
1.25757
7.06179
5.20424
6.99846
2.31772
6.94562
0.407928
8.0089
6.42972
3.80089
1.89405
5.76408
6.23882
4.00761
3.45429
6.25636
3.90526
9.36613
2.23498
6.69942
6.55344
1.12372
1.32118
2.61622
3.48475
2.78759
6.19758
2.72266
4.04739
6.6032
1.90797
3.11412
3.38626
6.10767
4.38289
4.5818
1.86864
5.72981
7.84796
3.19317
4.37236
4.65107
8.73842
6.8012
4.61407
3.7894
3.75763
3.34485
6.64353
3.28982
7.75481
5.42671
8.05089
3.2004
5.99371
5.18835
4.52298
2.19769
8.12622
2.23817
7.55109
2.59286
7.82681
1.74341
4.77042
3.88714
3.65934
2.98402
4.53724
7.41582
5.11143
3.88995
7.89683
6.53999
4.34475
6.39675
3.66548
8.63437
5.01036
3.40559
6.23169
6.5207
4.17073
4.55934
4.76877
-0.213657
4.18281
6.2872
3.87929
5.88254
6.82841
8.72042
8.77958
3.05634
6.28137
5.80837
1.7944
6.30112
2.6358
6.15669
3.08522
6.42684
10.3034
5.85999
6.3606
6.5142
6.14685
4.41318
2.54598
9.45868
6.42146
2.05738
4.93918
6.18682
1.83835
2.70963
-0.525166
2.74123
4.16672
3.39156
4.68502
5.52061
6.15231
6.19846
6.358
2.10872
2.46386
4.90187
7.73711
7.79871
6.27331
2.5642
6.88011
4.0351
6.16935
5.74304
5.41177
5.3021
5.09652
7.54941
2.11385
5.71717
3.1409
5.60801
4.37697
4.40022
6.39869
5.92703
4.95225
5.34183
2.77827
4.63027
2.19418
4.94998
4.00096
4.45538
4.55903
3.32462
2.91365
6.87846
4.20517
3.79201
5.89793
7.09527
6.7279
6.7752
3.32654
8.5316
3.7204
5.06514
4.38571
3.55859
6.13323
7.64231
6.12105
3.65883
8.61543
7.28294
4.85455
3.96007
3.50635
6.51296
6.38233
5.40142
9.22882
4.0941
3.873
4.63393
6.46034
4.27711
3.42414
6.17698
6.82346
4.75172
4.92948
4.29433
5.98012
6.16838
3.93147
5.03944
0.968258
4.19201
5.8339
4.30191
5.8067
2.51599
8.10585
3.0404
4.56091
1.76605
8.11356
3.03951
3.43762
5.42724
4.32508
2.93275
5.95565
5.0642
3.50359
2.65822
7.14973
3.92723
3.55144
8.2561
3.9978
6.78716
6.72199
2.32577
7.40351
6.36572
5.57152
7.59067
8.73251
4.29926
5.71523
8.11395
8.11825
3.52593
3.83897
3.71954
7.03263
5.84607
3.9676
5.50502
5.97083
2.94841
0.720705
4.34533
4.79999
5.05523
5.08901
5.9892
4.92536
5.65618
6.50734
4.51587
6.07862
4.5722
2.94389
7.99287
4.63428
6.23829
5.51403
3.54318
6.1842
1.07008
1.61547
6.39966
7.42937
4.21282
4.75702
6.08051
2.8542
6.4139
4.04214
3.64642
5.70324
5.46081
3.79346
3.82533
5.10616
3.03964
5.69832
2.33282
7.10411
6.51642
6.50019
3.27886
3.9551
4.75814
3.15478
4.6532
-0.0422096
1.88993
3.50892
1.82508
3.69479
3.6263
6.12274
8.05157
7.57413
3.96137
5.89291
7.36908
6.41904
5.95872
7.02155
5.29277
1.61797
3.88277
3.30667
8.71993
2.05911
3.81862
4.60259
4.80445
0.509611
6.89066
3.75088
4.2077
2.80872
3.51592
1.46351
4.75642
1.30447
4.43294
2.63063
5.92673
3.06327
4.66117
7.46815
3.34252
5.11702
2.89878
4.95226
1.31318
1.01668
6.04211
4.24481
3.75235
0.880405
3.46531
6.54305
8.9105
5.45584
4.14977
6.44286
2.26012
4.69889
4.71996
4.26131
4.48723
4.53928
6.50012
5.65893
4.66583
4.62739
5.07634
4.60676
3.63238
5.82914
4.35756
4.44206
2.23551
5.03726
3.00413
5.33092
5.09901
3.01507
2.9892
3.41447
8.14398
0.447602
3.62354
3.54318
5.31308
8.16335
3.27839
2.66351
5.9616
3.8847
7.2707
7.19594
4.60485
3.73364
-0.203129
8.27415
8.87317
2.80848
4.81954
1.59359
4.1446
4.62366
3.8873
6.86879
4.35942
4.64003
1.98711
3.55472
8.03883
6.95635
2.198
6.23633
0.735238
4.05923
4.82832
5.28245
4.23096
6.81913
8.02658
2.92027
6.26475
5.75294
7.50073
6.52982
6.30656
8.00126
1.75871
8.3273
2.15113
4.45599
6.61504
9.26199
5.37892
6.76116
5.34855
5.39686
6.93905
7.41118
5.75771
3.77361
2.79505
2.6412
6.58605
1.25682
7.11929
7.07383
4.57161
4.59339
5.30586
5.90032
2.99907
5.08997
2.94066
7.43378
3.40756
3.99783
6.96475
6.11481
10.2275
6.68943
0.536541
5.50651
9.04036
2.44798
3.97332
2.65076
7.43473
5.48362
1.81593
3.34102
1.43059
6.32709
7.57166
4.64554
5.73462
2.77039
3.91205
4.09545
4.26183
2.19931
6.61359
6.20902
2.64745
4.41332
4.43093
7.05319
6.34343
8.23369
6.93884
3.70188
9.23842
1.48921
4.61624
8.34765
2.9423
4.27101
6.61821
4.5009
7.67593
3.61332
7.81952
1.93121
9.58715
6.13537
2.87297
3.59421
4.98344
6.624
6.51351
3.59939
7.29774
4.55641
4.37846
5.60544
4.44176
3.57275
6.61109
0.861963
1.3745
2.63714
6.85702
6.18816
5.08966
5.38052
5.93334
5.22422
3.73362
4.88581
3.20362
3.71383
7.18634
5.51262
5.26315
2.68339
5.20671
2.29724
7.55886
6.99638
4.47491
5.06826
2.24019
7.37424
3.26307
4.70508
3.96119
2.58778
2.42593
7.78239
6.07616
4.75315
4.46847
3.26432
6.59952
7.10945
8.36318
6.42732
3.39216
5.66402
1.95996
3.05269
6.41447
2.19754
5.2069
5.62253
4.72972
4.08974
4.01314
3.3331
4.19719
4.02118
5.23621
7.04986
2.9809
1.41274
7.91393
5.68083
6.57204
5.88522
6.47188
8.72547
7.47674
5.86259
4.81488
5.65662
10.7812
5.43368
4.54083
5.13769
0.968832
7.63493
1.53507
2.56977
2.7877
7.77001
6.73137
3.03175
7.51154
-0.083396
6.2415
0.77921
7.42107
3.90095
5.60377
3.85765
4.2588
-0.219707
8.09374
3.80185
4.99663
2.27457
8.3318
7.43601
6.41078
3.18363
5.06264
3.05554
7.24129
4.73918
6.26302
5.15655
7.75211
6.20071
4.4213
5.21467
5.90721
4.23615
4.39423
1.43888
0.768038
3.37893
1.06999
8.9915
2.36288
1.68984
5.88903
6.30352
8.06655
4.39792
2.14236
3.33843
4.81846
5.88108
6.92345
4.6114
3.79594
7.2764
7.11287
4.8641
3.37808
4.66913
3.12885
4.96398
4.45537
6.72973
5.05972
4.5332
7.62493
1.40832
1.79893
9.5019
7.70555
3.9144
2.96893
5.1251
1.74345
1.69114
7.85067
5.56491
3.36394
6.40529
7.02091
0.939333
1.55391
6.02004
2.91506
5.33884
7.29322
5.52959
8.55871
4.23131
5.90839
4.50474
5.17436
1.645
3.8294
6.26763
0.723155
5.46187
6.0378
6.93803
2.41597
5.88268
7.47606
2.26683
6.91618
3.45671
5.13355
5.95786
2.29859
5.8255
3.82302
4.19043
3.08416
1.37588
3.95366
4.83583
1.5749
4.06113
8.3257
2.39577
3.59477
5.83804
4.48937
2.40454
3.64913
3.08247
5.91494
1.4722
1.60869
5.72446
4.14701
3.05103
2.19988
2.4169
8.89199
3.98294
4.68292
4.82474
5.44218
3.06915
3.52411
2.04479
7.54902
2.99833
5.04309
6.77972
6.2912
9.25397
5.87363
3.32511
8.75445
8.01655
6.91736
4.55982
5.35788
6.96492
6.78932
7.08326
3.93454
3.49432
6.85008
7.29306
5.75369
8.43355
0.10881
6.69566
2.31802
8.50091
2.83007
5.74989
5.34457
5.6664
5.8826
7.55565
2.54541
5.62029
4.00213
2.48424
6.48633
5.11192
6.85972
4.62672
5.99254
6.39948
3.44263
0.169436
3.40577
5.16929
2.98123
4.848
5.79538
3.45129
6.92907
4.12492
2.81595
2.76263
2.93259
4.41388
8.32971
4.11747
6.54629
4.28546
7.0657
4.38983
2.30926
3.69425
10.1619
4.54642
4.04452
5.69783
1.35925
4.86972
7.16203
0.22783
1.04278
4.97441
1.04225
2.77133
4.4799
4.1917
4.26625
5.09979
5.67413
4.60279
5.18885
4.08272
1.71414
2.62394
8.11725
0.695959
4.70496
8.00125
4.44634
3.34774
2.86146
5.38104
7.54121
3.57591
5.12694
8.05105
4.37676
7.4736
2.49786
1.02873
6.68292
7.24933
5.16325
2.66966
6.4207
2.98247
7.05765
7.53465
3.45165
2.85553
5.62746
4.96314
4.43133
