3.03836
8.00271
6.49997
5.70249
7.71881
7.01448
6.0484
4.29911
2.46405
7.4331
4.58257
6.84224
4.61038
7.90396
5.56969
5.11229
6.04768
6.10731
4.95667
4.99129
6.2566
4.99027
7.46326
4.24589
7.58016
4.81383
8.04922
4.48842
6.4603
6.27468
5.65677
4.84216
5.67555
5.87891
4.87124
4.90744
6.31243
5.53675
5.43671
7.08124
5.63946
8.16319
6.48728
9.50386
7.1164
6.98302
4.77394
5.97331
8.06279
8.23993
6.11558
6.19241
5.61859
5.47063
5.70437
3.8054
4.70877
7.58216
4.27469
5.95805
6.12668
6.78873
7.40625
4.17934
5.59962
5.89845
6.28712
6.71277
5.36511
4.87894
7.72412
5.57986
6.79176
7.36858
5.12721
5.2675
6.98554
6.54756
6.68214
5.87684
6.8428
5.59073
4.48989
6.89519
6.37842
7.13514
4.67452
6.88502
4.47623
7.45678
5.61289
5.0213
7.68532
4.81154
7.26965
5.22513
5.92743
5.85628
6.72064
6.53302
6.03452
6.24247
6.52715
4.87521
5.97093
7.1886
7.0821
5.76858
5.83332
8.05511
7.09552
3.91967
5.2846
6.33853
4.31399
6.08797
7.20346
6.58573
6.45597
4.07738
6.17513
6.44032
4.3934
6.47547
4.52592
5.08274
5.42438
5.38092
6.82052
5.81182
3.64293
6.23746
5.41321
6.29095
6.05426
6.13298
3.10631
5.43062
6.17547
5.38882
6.87715
6.81306
6.55111
4.4433
6.57075
6.86724
6.98454
5.62716
7.07445
5.66415
6.16397
5.07316
6.37381
9.46911
3.44217
4.83244
7.29691
6.09303
6.69791
3.64463
6.24484
6.88037
3.69841
7.268
6.12561
7.22906
4.3504
7.19656
3.17588
7.85048
6.87928
5.26255
4.08984
6.46991
6.76188
5.38968
5.04939
6.77266
5.32673
8.68517
4.29951
7.04514
6.95536
3.61609
3.73753
4.53398
5.06812
4.63937
6.73651
4.59944
5.41415
6.98597
4.0984
4.84019
5.00755
6.68122
5.62048
5.7428
4.07421
6.44883
7.7515
4.8888
5.614
5.78541
8.29913
7.10773
5.76265
5.25548
5.23594
4.98208
7.01077
4.94824
7.69421
6.26243
7.8763
4.89324
6.61113
6.11584
5.70663
4.27658
7.92262
4.30148
7.56892
4.51961
7.73849
3.9972
5.85881
5.31559
5.1755
4.76017
5.7154
7.48573
6.06853
5.31732
7.78155
6.94709
5.59702
6.859
5.17927
8.23514
6.00637
5.01944
6.75749
6.93523
5.49
5.72899
5.85779
2.7936
5.49743
6.79163
5.31076
6.54276
7.12448
8.28806
8.32444
4.80465
6.78804
6.49715
4.02856
6.80019
4.54602
6.71136
4.82241
6.87751
9.26161
6.5289
6.83677
6.93123
6.70531
5.63911
4.49078
8.74209
6.8742
4.19029
5.96259
6.72989
4.05559
4.59142
2.60202
4.61085
5.48753
5.01081
5.80629
6.32018
6.70867
6.73705
6.83517
4.22187
4.44027
5.93965
7.68332
7.72121
6.78309
4.50198
7.15627
5.40658
6.71915
6.45697
6.25324
6.18579
6.05936
7.56789
4.22501
6.44106
4.85665
6.37392
5.61683
5.63114
6.86019
6.57013
5.97063
6.21023
4.63364
5.77261
4.27442
5.96924
5.38559
5.66506
5.7288
4.96964
4.71689
7.15525
5.51118
5.25709
6.55222
7.28859
7.06266
7.09175
4.97082
8.17193
5.21305
6.04006
5.62221
5.11353
6.69694
7.62502
6.68944
5.17518
8.22349
7.40401
5.91055
5.36044
5.08141
6.93047
6.85013
6.24687
8.60072
5.44287
5.3069
5.77487
6.89811
5.55542
5.03085
6.72384
7.12143
5.8473
5.95663
5.56601
6.60277
6.71855
5.34285
6.02426
3.52048
5.50309
6.51285
5.57068
6.49612
4.47233
7.9101
4.79485
5.72996
4.01112
7.91484
4.7943
5.03914
6.26275
5.58492
4.72864
6.58773
6.03948
5.07971
4.5598
7.32209
5.34024
5.10913
8.0025
5.38364
7.09911
7.05902
4.35535
7.47816
6.83992
6.35148
7.59326
8.29549
5.56905
6.43987
7.91508
7.91773
5.09345
5.28596
5.21252
7.25007
6.52033
5.36507
6.31059
6.59706
4.73827
3.36823
5.59738
5.877
6.03396
6.05474
6.60836
5.9541
6.40355
6.92701
5.70226
6.66335
5.7369
4.73549
7.84062
5.77508
6.76155
6.31613
5.10406
6.72829
3.5831
3.91852
6.86079
7.49406
5.51588
5.85057
6.66451
4.68033
6.86955
5.41091
5.16755
6.43249
6.2834
5.25798
5.27758
6.06529
4.79438
6.42947
4.35968
7.29403
6.9326
6.92262
4.9415
5.35738
5.85126
4.86519
5.78672
2.89904
4.08731
5.08298
4.04742
5.19729
5.15518
6.69048
7.87671
7.58309
5.36124
6.54914
7.45699
6.87271
6.58961
7.24325
6.18005
3.92005
5.31291
4.9586
8.28776
4.19135
5.27345
5.75559
5.87974
3.23841
7.16276
5.23179
5.51273
4.65237
5.08729
3.82506
5.8502
3.72725
5.65126
4.54284
6.56994
4.80891
5.79162
7.51792
4.98065
6.07197
4.70775
5.97064
3.7326
3.55026
6.6409
5.53556
5.23269
3.46645
5.05617
6.94897
8.40496
6.28034
5.47711
6.88736
4.31497
5.81482
5.82777
5.54571
5.68465
5.71666
6.92257
6.40524
5.79449
5.77085
6.04695
5.75816
5.15891
6.50992
5.6049
5.65687
4.29984
6.02292
4.77254
6.20352
6.06089
4.77927
4.76336
5.0249
7.93355
3.20028
5.15348
5.10406
6.19254
7.94546
4.94121
4.56306
6.59139
5.31409
7.39648
7.35051
5.75698
5.22119
2.80008
8.01361
8.382
4.65222
5.88902
3.90506
5.47393
5.76855
5.31569
7.14931
5.60605
5.77862
4.14707
5.11115
7.86888
7.20316
4.27677
6.76034
3.37717
5.42143
5.89442
6.1737
5.52704
7.11876
7.86135
4.72097
6.77782
6.46306
7.53795
6.94084
6.80353
7.84577
4.00661
8.04629
4.24794
5.66543
6.99325
8.62112
6.23303
7.08312
6.21436
6.24407
7.19251
7.48287
6.46599
5.24577
4.64396
4.54934
6.97542
3.69795
7.30336
7.2754
5.73654
5.74994
6.18811
6.5537
4.76943
6.05533
4.73351
7.49677
5.02065
5.38367
7.20832
6.68561
9.2149
7.039
3.25497
6.3115
8.48482
4.4305
5.36859
4.55522
7.49736
6.29743
4.0418
4.97973
3.80481
6.81616
7.58157
5.78201
6.45179
4.62879
5.33091
5.4437
5.54602
4.27757
6.99236
6.74355
4.55318
5.63919
5.65002
7.26271
6.82621
7.98872
7.19239
5.20165
8.60663
3.84087
5.76399
8.0588
4.73452
5.55167
6.9952
5.69305
7.6457
5.14719
7.73401
4.11269
8.8211
6.69825
4.69188
5.13544
5.98981
6.99876
6.93081
5.13862
7.41311
5.72719
5.61775
6.37235
5.65668
5.12224
6.99082
3.45511
3.77031
4.54684
7.14207
6.73072
6.05514
6.23402
6.57401
6.1379
5.22117
5.92977
4.89523
5.209
7.3446
6.31526
6.16184
4.57528
6.12712
4.3378
7.5737
7.22777
5.67707
6.04198
4.30272
7.46016
4.93179
5.81862
5.36113
4.51649
4.41695
7.71117
6.66184
5.84819
5.67311
4.93256
6.9837
7.29731
8.06836
6.8778
5.01118
6.40837
4.13038
4.80241
6.8699
4.27649
6.12724
6.38286
5.83378
5.44019
5.39308
4.97486
5.50627
5.39802
6.14527
7.26066
4.75825
3.79383
7.79207
6.41871
6.9668
6.54441
6.90521
8.29116
7.52319
6.5305
5.88615
6.40382
9.55543
6.26671
5.71761
6.08468
3.52083
7.62048
3.86907
4.50541
4.63944
7.70355
7.06479
4.78953
7.54459
2.87371
6.76353
3.40421
7.48896
5.32408
6.37132
5.29746
5.54416
2.78988
7.90265
5.26314
5.99793
4.32386
8.04906
7.49815
6.86763
4.88293
6.03852
4.80416
7.3784
5.83959
6.77676
6.09628
7.69255
6.73844
5.6441
6.13202
6.55793
5.53024
5.62745
3.80991
3.39734
5.00304
3.58304
8.45477
4.37817
3.96425
6.54676
6.80167
7.88593
5.62972
4.24255
4.97813
5.88835
6.54186
7.18292
5.76101
5.25951
7.39998
7.29941
5.91642
5.00252
5.79651
4.84924
5.97785
5.66505
7.06378
6.03673
5.71292
7.61433
3.79112
4.03134
8.76867
7.66392
5.33235
4.75089
6.07693
3.99722
3.96505
7.75316
6.34742
4.99382
6.86425
7.24286
3.50269
3.88066
6.62732
4.71776
6.20839
7.41033
6.3257
8.18861
5.52726
6.55866
5.69542
6.10723
3.93668
5.28008
6.77959
3.36974
6.28405
6.63825
7.19189
4.41082
6.54285
7.52278
4.3191
7.17845
5.05087
6.08213
6.58908
4.33863
6.50769
5.27616
5.50211
4.82176
3.77117
5.3565
5.89904
3.89356
5.4226
8.0453
4.3984
5.13578
6.51539
5.68596
4.4038
5.16922
4.82072
6.56269
3.8304
3.91435
6.44554
5.47541
4.80138
4.27793
4.4114
8.39357
5.37451
5.805
5.89222
6.27194
4.81253
5.09233
4.18254
7.56765
4.76897
6.0265
7.09453
6.79409
8.61619
6.53728
4.96994
8.30899
7.85518
7.17917
5.72929
6.2201
7.20842
7.10043
7.2812
5.34474
5.074
7.1378
7.41023
6.46352
8.11163
2.99192
7.04283
4.35058
8.15306
4.66549
6.46118
6.21191
6.40984
6.5428
7.57172
4.49043
6.38148
5.38631
4.45281
6.91409
6.06883
7.14373
5.77043
6.61041
6.86068
5.04222
3.0292
5.01955
6.10412
4.75846
5.90652
6.48916
5.04754
7.18638
5.46182
4.65681
4.62402
4.72854
5.63953
8.04778
5.45724
6.95097
5.56056
7.27041
5.62474
4.34519
5.19696
9.17455
5.72105
5.41238
6.42916
3.76094
5.91988
7.32965
3.06512
3.56631
5.98426
3.56599
4.62937
5.68014
5.50289
5.54874
6.06137
6.41459
5.75572
6.11614
5.43587
3.9792
4.53872
7.91711
3.35301
5.81855
7.84577
5.6595
4.98386
4.6848
6.23434
7.56284
5.12418
6.07807
7.8764
5.61671
7.52126
4.46118
3.55767
7.035
7.38334
6.1004
4.56684
6.87373
4.75922
7.26546
7.55881
5.04777
4.68115
6.38589
5.97733
5.65027
4.26329
5.84994
5.95347
5.75444
6.41248
7.13914
3.68893
5.9493
5.13013
6.14878
5.6741
7.01328
4.27391
7.73624
5.11725
5.39034
5.42692
7.03571
2.6788
5.94935
6.45137
5.86692
6.82527
7.25706
7.72206
6.99684
5.80113
6.64803
6.06493
5.30626
6.16397
6.09973
5.50817
6.66952
6.39581
7.56298
7.12198
7.1337
5.0922
6.85322
6.22384
7.49932
4.886
5.92072
7.52603
4.7339
4.19291
5.39687
6.79409
5.1994
7.02401
5.3701
5.56244
5.69294
6.45465
5.76506
7.68465
4.98818
6.71684
5.4046
8.49718
6.37728
6.97334
5.12091
6.14158
5.32005
5.50806
4.00369
7.16317
5.52105
5.38528
6.39039
5.4927
8.53063
6.25984
5.71536
8.15383
4.64171
6.4257
5.80621
5.51817
6.93902
6.28488
4.61906
6.50622
5.4106
4.27369
6.94979
5.50991
4.39371
4.60473
7.88768
7.45855
5.34949
7.73393
6.27046
7.56759
5.72789
8.2019
6.90956
6.75536
7.05189
5.91757
4.26314
8.03859
6.62365
4.39945
5.97714
6.20732
4.27301
5.96984
5.21982
5.31249
5.32695
8.06005
6.89471
6.18887
7.12525
7.05167
5.11288
7.32254
7.06747
4.73064
6.75543
4.77209
5.04716
5.11682
6.02707
7.16116
3.13628
8.40431
7.01848
6.73797
5.68267
5.54878
5.8412
4.18737
8.13206
6.74008
6.22721
4.73701
7.97892
5.82411
5.18109
4.20264
6.63708
4.09111
6.30807
5.88157
5.93341
4.73443
9.58793
2.2045
8.07312
6.02203
4.46188
6.4611
5.50031
6.88014
5.49878
7.19658
6.06337
6.38546
6.51634
5.61829
7.93828
5.57209
6.35883
6.73319
4.59457
4.0623
5.33693
6.6715
4.76098
4.24986
4.78663
6.35673
5.31659
4.56207
7.39631
5.72207
7.92162
6.96249
5.62397
7.89761
7.24061
5.69756
5.91496
6.48189
3.92176
5.13716
6.62901
5.20649
5.7226
2.64908
5.9245
4.93401
4.92401
5.24685
6.20553
7.02741
3.79172
5.94832
5.30009
7.27036
7.72427
5.23243
7.01312
3.86463
6.67041
7.35396
6.47965
8.09846
6.38779
6.3993
6.81909
4.20689
7.21095
5.46494
8.67481
4.92317
5.96443
6.65593
7.60033
5.88232
5.62387
5.18557
5.29065
5.44906
6.14388
6.63354
5.11585
6.29752
8.8597
7.33963
6.57008
5.84598
4.04425
6.61506
6.65968
7.06064
6.46183
6.31189
4.86297
9.21014
3.9971
6.14222
4.31147
4.31561
5.41313
4.9647
6.32489
6.8134
5.7952
3.62558
6.68967
7.38226
6.5842
7.34892
5.3384
3.67183
4.38688
5.23818
3.97936
6.87721
3.29507
5.17509
6.49316
6.7263
6.84468
4.40628
3.78784
3.41253
7.21915
5.18414
3.94304
5.50692
5.49303
6.07287
7.29771
7.26386
5.58335
5.16892
6.94014
6.47415
6.84212
7.54676
7.95381
6.24681
5.25886
6.47153
7.25592
4.91362
6.42983
7.94997
5.41736
5.37278
6.58679
5.74598
5.66654
5.85809
4.68401
7.67158
6.54928
4.26064
6.47661
6.46868
5.22856
6.10924
5.28566
5.03105
5.19255
5.02016
5.58359
6.88877
2.69416
6.27428
7.24194
5.96825
8.2801
6.81579
4.78963
7.51879
3.79632
4.56292
5.62169
6.49817
5.52399
6.41301
6.56211
5.87924
7.01114
4.4962
5.24928
5.44286
6.92711
4.58107
7.23425
5.88235
6.18647
5.79655
2.84048
5.09877
3.48521
6.64311
8.28821
5.4466
6.73295
6.54652
5.67957
5.63371
6.31791
7.08233
7.09325
6.81197
7.42496
5.76552
6.07137
6.48969
5.09828
6.01755
4.34033
4.71346
5.98447
8.62785
6.39313
7.44367
7.32258
6.65823
3.08482
5.1053
5.96805
3.73534
6.70769
5.03157
5.24119
4.87776
5.96239
3.95379
7.04134
7.75145
5.6013
6.33599
4.15349
6.1037
4.11763
6.52534
5.05088
5.54806
7.64887
4.85553
6.33142
5.34912
6.92124
7.8371
6.11988
4.47522
6.01221
5.60085
3.00593
6.73002
4.23949
6.28154
4.16133
3.55813
6.57633
6.24765
6.42223
6.32732
6.44647
5.01173
6.0549
4.79948
6.15041
6.26686
4.60349
7.50739
8.05997
3.7939
7.30383
5.10922
5.05676
4.3592
3.58617
4.41662
6.06389
7.45641
5.36321
5.20594
6.37994
5.98186
4.95312
3.44982
7.61778
4.6139
6.21621
6.22575
4.39962
5.74893
7.60395
3.89783
5.2192
5.38396
5.52799
6.46645
6.85271
7.38036
2.72809
6.3396
5.75771
5.93854
5.84255
6.19271
5.54325
6.48561
5.05577
7.5984
5.59847
6.5771
5.30367
6.54446
5.0401
5.14141
4.92395
5.98056
5.4621
5.66169
9.02351
6.65948
5.35305
6.83533
6.88854
6.9253
3.60679
4.60078
5.7702
5.68383
4.78057
7.30193
6.54027
5.95969
5.84959
9.59653
6.45775
4.85133
6.53407
5.68244
4.52483
6.89755
7.89952
7.95855
5.56614
3.33148
3.25042
5.57511
4.50286
4.60876
3.3339
4.58788
5.37161
6.93931
5.69434
5.87028
4.72118
7.3797
6.89555
6.18391
4.21845
5.0446
5.97369
5.47586
5.49519
5.66482
7.1079
5.63797
5.31674
7.51108
6.82452
4.39457
4.40483
3.22324
7.05245
6.33813
5.46663
6.45438
5.9152
8.79388
6.77743
7.33866
4.8925
5.0139
5.71547
6.17184
2.6159
6.51599
7.05528
5.54022
6.16634
3.97165
6.95298
6.10126
4.93736
7.57767
5.09501
6.45338
7.85082
6.15383
5.86524
6.46813
7.43899
6.11253
6.48502
3.36783
6.72216
4.85027
3.83617
6.28025
3.68912
5.28999
7.36916
4.2528
7.01235
6.67105
4.38769
6.89282
4.43178
5.08742
4.02284
6.52067
6.03207
5.7851
8.42616
5.06572
5.80792
5.63139
6.82001
5.26531
6.08097
6.02844
4.63835
5.75747
5.62677
5.44259
7.79762
5.05443
4.79531
6.89174
6.04767
5.01668
5.15716
5.7019
6.9556
6.34922
8.26682
5.14094
6.46374
4.99992
5.47896
6.55584
4.15341
5.05988
8.17642
5.2772
4.3648
3.89851
4.80561
4.04156
5.57976
5.19307
6.60819
5.85927
5.63673
5.53499
5.98823
4.94322
8.82523
6.13233
6.65079
6.97121
5.56242
5.26763
5.6088
4.36438
6.30372
4.38922
5.10243
4.0439
6.06311
5.57221
4.55771
6.15248
6.78148
5.55288
6.5366
4.43259
6.05659
7.88551
4.67199
6.77834
5.30608
6.96838
3.26824
6.91805
5.15936
7.59832
4.0912
5.72847
4.55072
5.54472
7.21987
5.96184
6.72714
7.02695
7.49721
7.7025
6.76327
6.52003
5.83189
7.58932
6.89169
5.21773
9.38499
5.38131
7.16767
6.89158
5.60315
5.94754
5.6642
5.174
6.77621
4.387
5.746
2.94956
3.92431
7.20862
5.4357
4.68789
3.65863
5.93859
4.40767
5.62451
8.77514
6.44369
6.86103
6.60998
7.81684
6.48956
6.78888
4.16529
7.51996
6.11913
6.92959
6.05564
4.59537
6.28082
4.79794
3.37756
6.34001
6.19652
8.30569
5.80699
6.30223
7.16945
6.27953
6.77369
6.49092
8.08642
5.42015
4.70317
8.37862
6.64399
6.97854
5.71804
7.51376
6.56337
7.13334
6.41262
6.06802
6.30561
8.20782
6.69027
4.57483
5.87147
4.88342
6.78405
7.5299
5.79965
6.80874
5.17282
6.04596
4.96623
6.68978
8.07527
4.70998
7.83175
6.84599
6.76148
6.75258
6.64523
2.8189
6.60603
6.05435
6.17718
5.57173
6.59465
7.31052
5.6585
5.23692
8.03155
7.99877
6.40169
6.83136
5.10122
2.89017
4.06612
4.57475
6.45681
3.75684
7.48367
6.72182
6.04267
5.44541
6.03858
4.9861
8.32496
6.37049
5.28437
5.4854
6.70939
8.30192
4.27268
6.61407
7.34493
3.7594
5.74304
5.76037
6.83459
6.56222
4.87674
6.01069
5.2653
7.83518
5.289
5.07953
5.95935
5.78451
6.81964
6.7863
5.56067
4.12676
4.38687
4.92618
5.68081
6.17877
7.12307
6.59624
8.08003
7.50896
6.48717
5.74676
7.05247
7.14644
6.94234
6.24814
4.19477
6.11882
7.00228
6.73234
5.85415
5.34404
5.18117
6.90894
4.81266
5.22587
4.91203
6.36667
5.00892
4.91573
7.33147
6.98972
5.90826
4.40589
5.32365
4.99129
6.03025
5.74448
5.07577
5.16253
7.4512
5.37296
4.90756
8.57555
6.38416
3.05088
4.65224
6.55229
6.23267
7.11142
5.6023
4.91962
4.76379
8.56415
6.80167
7.0759
5.74081
6.19616
6.47619
5.243
7.75879
6.0472
4.66272
5.23014
5.39345
7.68041
5.94016
7.07203
6.66553
3.93375
4.11383
7.12772
5.77947
3.79274
4.98885
6.76446
4.24429
7.0631
5.475
4.66626
4.18482
6.77169
5.87785
6.06126
4.7756
5.68041
5.04929
5.98818
6.1896
5.77125
6.79533
6.61549
3.88866
7.1383
3.68897
6.90612
5.33898
8.08982
6.53971
4.5342
4.87627
5.41448
7.24018
6.85916
5.33735
6.22624
6.12152
5.42095
6.99305
4.85452
6.25353
8.73778
8.53699
5.07178
5.79666
5.65118
6.52825
7.75988
5.31258
6.72115
7.15527
7.11779
7.33709
4.97227
6.49858
6.818
5.37421
5.39841
6.01514
6.26314
6.19569
5.72241
3.22378
6.54181
5.35406
4.74338
3.94465
6.71369
5.73785
5.99881
4.24258
6.21979
6.76151
7.9613
5.68794
5.8531
6.33075
4.99173
8.04787
5.26004
6.7976
3.90516
5.16541
6.46676
6.96629
5.82117
7.19462
6.53698
3.78369
8.48911
6.21386
4.81337
6.09991
5.5164
5.84549
5.56815
6.79385
5.79728
6.74625
4.46861
4.10873
6.21543
7.82203
5.11601
7.1188
5.34164
8.06463
8.57644
4.65271
6.96911
5.51921
6.44114
7.02261
8.72625
8.05653
5.03977
5.49509
5.03619
8.14361
6.30004
7.37225
8.12774
6.66398
7.08807
8.57654
6.53753
6.74428
4.88641
5.42043
4.5373
6.41132
5.55201
4.77847
7.25049
6.74551
5.12142
3.52303
3.98855
6.79156
3.55039
6.33687
5.84519
7.03925
8.33895
6.65047
4.51915
5.71851
4.48062
4.96557
8.43185
6.66533
7.10994
5.65484
6.92257
6.55469
6.37424
6.54605
5.74809
7.64456
6.82453
6.83653
5.585
6.9359
6.36266
7.0447
8.02123
5.55254
5.85712
4.90162
4.67193
6.2337
4.85689
4.60603
6.78916
6.43178
6.09426
6.21546
5.5227
5.64103
6.5166
11.2872
6.1241
5.70826
7.4148
4.95556
6.42992
5.79819
5.94238
5.06942
6.85918
4.97346
7.19005
5.72362
5.06906
6.41705
2.70701
6.46027
5.8981
5.33054
6.01269
5.46199
5.67587
6.52827
6.95207
5.10818
6.3777
5.93102
7.19395
5.2376
4.86385
6.71108
6.72877
6.32912
6.13542
7.85537
6.04625
5.16348
5.1748
6.10841
5.11137
8.12086
6.80733
4.69102
4.49831
5.51191
6.17861
6.76529
6.7841
6.64636
5.86286
6.1747
3.94511
5.00923
6.67777
7.05484
4.81374
7.21006
5.50529
4.91157
6.56831
5.78575
9.72174
7.36023
5.78734
4.85118
7.50436
5.2928
3.55538
6.63888
6.95709
5.19503
5.90469
4.31044
6.2549
6.04049
6.34324
7.95215
5.45494
4.92473
4.20683
6.53707
3.77205
3.48433
6.80066
6.14257
7.39811
6.07719
7.66025
5.69112
6.61519
7.74516
7.39022
7.0194
7.72383
6.853
7.75135
5.60651
6.79601
4.54988
4.40458
7.24725
5.74426
5.62271
8.09647
4.57803
6.12694
5.4623
5.48718
6.93887
5.7795
6.72061
7.03131
7.01081
5.6436
4.97639
3.60171
6.92175
4.59435
7.14416
4.62845
5.40195
5.65789
6.80282
6.58132
4.7611
7.78577
6.76131
5.89351
5.477
7.42395
4.5714
8.18761
7.48595
4.17358
5.96631
6.45399
7.69739
6.98728
3.35799
6.92634
5.93335
6.17804
5.7408
6.4929
6.71677
8.33148
5.7171
6.81398
6.46552
7.05879
5.01877
5.19529
5.15007
6.05859
4.9682
4.75445
4.19443
6.52059
5.87005
9.02376
4.81767
6.37739
6.6022
6.62916
5.30664
5.21616
6.78667
7.58303
5.76153
6.57375
6.5443
5.91538
7.11866
6.24837
7.86506
5.22903
6.64779
6.36741
6.55078
7.64189
6.60334
7.03928
6.47357
7.94722
6.24822
3.33079
7.42133
7.29487
7.74808
5.49679
6.19371
6.28291
7.12613
7.03772
5.69405
7.28616
5.43137
6.68241
6.943
8.54977
5.92391
5.07462
7.48919
3.40279
5.57837
5.99721
4.95395
6.91968
7.10526
8.23598
4.7258
5.15083
6.97741
7.11467
6.83144
6.61462
4.36293
4.71781
3.38351
5.54296
6.30876
7.97702
4.33391
6.04246
6.67448
6.60135
7.79043
5.43775
4.48271
7.70458
4.98586
6.51755
5.45548
5.38618
8.23654
5.58
5.43957
5.36285
5.03032
4.89462
5.58109
3.84081
4.39531
7.67646
5.59809
6.68291
7.94262
5.67824
7.0692
6.6119
7.04521
4.70782
5.21054
7.59264
4.71111
6.09208
6.83464
4.73081
4.68076
5.04302
5.65616
5.31359
5.92377
6.86854
7.88473
4.73363
4.96865
5.56609
7.7065
5.64869
8.6223
8.29352
5.08109
5.58525
6.60722
5.7082
4.78351
6.69895
7.09625
2.78275
6.02463
2.86335
7.57589
5.39323
5.13808
3.48799
7.3983
7.11854
5.93601
3.80015
6.07439
6.97852
9.41055
7.43274
4.60861
3.75163
7.81232
4.7669
3.8996
6.48864
7.41853
5.54226
3.8754
6.18745
7.62969
5.64423
6.80563
4.42284
5.67647
7.10074
4.84955
6.68451
5.84511
4.11186
5.25736
4.86326
5.00301
6.3926
6.79499
4.00832
5.13993
4.20859
6.85847
5.89177
3.57528
5.14235
6.52429
6.66795
6.431
5.56847
6.04711
7.5026
6.5787
6.21499
8.30959
4.76822
5.33285
6.09506
7.56549
7.98891
7.08234
4.79775
6.28401
5.73988
7.00749
6.11134
5.73853
6.21412
4.82499
8.69413
6.83126
7.00122
6.02018
5.7073
7.24512
7.0994
5.63407
6.16551
5.9806
4.03742
6.99667
4.14986
5.43012
2.47899
6.80536
4.49894
6.11683
5.7446
7.15694
6.65648
4.63225
3.13553
7.57034
5.63107
6.06375
7.7361
6.08062
7.71653
6.15734
7.0782
5.28387
4.21005
7.10685
8.48992
4.70134
7.63987
5.63463
3.54572
6.28799
5.92858
4.33308
6.14126
5.75954
5.0926
7.82484
7.89763
5.7326
4.56533
6.53345
7.38828
7.02852
4.45283
8.156
7.27999
6.78554
5.73043
7.21938
6.96195
8.69599
6.33201
3.99129
7.14647
5.47688
4.97511
5.36711
4.93182
6.20319
6.60282
6.64597
5.74801
8.19384
8.21763
5.91125
6.77199
6.42048
7.3811
5.78644
5.94753
5.65444
6.28873
6.71087
5.80965
6.4727
6.47752
8.54538
6.76676
4.42714
5.32165
5.92463
5.05594
5.47519
3.83373
6.29539
7.56177
6.66463
6.57663
5.35089
6.00067
4.15692
4.4948
6.94852
7.23803
6.71595
5.85956
5.98932
6.91352
5.79563
5.19265
5.70417
5.58997
8.40795
5.47594
6.23652
5.64536
5.71586
6.269
4.78207
5.90098
4.73174
5.39122
6.61401
5.78754
4.79145
4.16393
5.50126
4.664
6.93252
3.67496
3.95665
7.5299
5.59309
7.76849
8.48562
6.7996
5.76042
5.46658
4.48669
5.90774
8.65094
6.46772
5.40822
5.95416
5.04799
5.33096
4.36095
7.4658
5.78318
5.52613
4.86215
4.72854
2.84199
7.18442
5.9329
6.74745
8.36351
4.22682
7.68166
5.45756
5.59705
5.63437
5.59135
4.47466
7.64416
5.53895
6.8472
5.55811
6.36683
5.83188
6.81382
7.16135
5.27096
4.1557
5.93194
8.86019
4.59557
5.9069
6.11898
6.8311
5.07603
6.64877
5.4967
5.20627
5.39292
6.32194
5.40284
7.41848
6.74415
3.20223
4.99419
3.85352
7.61409
7.18039
5.73346
6.44399
6.09127
7.64238
3.71335
4.43972
7.72345
5.48087
7.09878
3.15669
5.86633
5.16417
8.13178
7.25811
5.47011
4.29707
5.86678
5.61799
4.27022
7.49763
6.48278
8.78281
6.51421
6.07119
4.80748
5.44585
6.23632
6.14118
4.89339
4.69886
6.37933
6.75998
5.52236
5.1992
4.56714
6.98624
6.03281
6.75641
6.09984
6.57659
7.5314
5.33326
6.80414
6.0525
5.91908
5.78444
7.76604
4.82152
5.77861
7.9028
6.39138
5.23381
5.76396
6.14878
7.63458
6.39564
4.16136
5.27707
5.9615
5.92105
5.76651
7.00528
2.90903
6.49477
6.16175
5.41991
3.22016
8.18581
4.23272
3.16853
8.01854
6.07571
5.6831
5.28779
5.67793
5.08831
5.86703
6.46295
4.78983
7.57866
7.42275
3.74464
5.62084
4.88249
6.08426
5.02223
9.18228
6.59611
5.34088
5.66815
4.57282
7.60305
6.00258
7.406
7.30819
4.45674
6.38461
5.30511
6.31593
4.14037
3.04788
5.7474
4.76168
5.43055
5.26197
3.98134
8.23642
4.47525
5.90324
6.09536
6.07792
7.27282
6.48801
5.93744
6.39196
3.37137
4.76775
6.4255
7.54023
5.62724
6.6832
6.3903
5.90428
5.61295
4.86035
5.99901
6.06581
7.09513
4.44461
5.91444
7.05083
6.64051
5.19577
6.99195
6.80597
5.1508
4.08694
4.90854
5.77094
5.63475
5.08599
6.36401
5.94206
7.1031
6.22651
5.41212
4.87171
6.32635
5.22005
4.96443
3.48926
5.18181
7.44165
5.31075
6.33903
7.89896
3.58045
5.69396
6.38302
7.68628
6.31405
6.32578
4.85756
5.9322
6.22035
5.03503
8.39435
6.97612
4.86503
7.90562
6.71486
6.16984
2.92785
5.25629
7.08632
6.12657
7.56828
5.70445
5.32884
5.11825
6.60799
5.80203
5.05848
5.66302
6.54056
4.79161
4.88468
4.04955
5.66417
6.92607
5.42831
6.78778
3.12577
5.31874
3.6437
7.64014
5.70048
6.43175
5.83628
5.44776
5.22877
4.79084
5.81707
6.84556
6.27866
5.74694
4.40788
6.20957
3.90181
5.28586
5.26987
6.118
8.22503
5.69604
4.86296
7.05792
6.64932
6.04213
6.68742
6.14346
7.89668
6.82556
6.09082
6.03266
8.32771
5.47952
7.15551
5.37854
6.47586
5.1268
6.07688
6.32367
4.90723
5.74045
5.58541
5.49944
6.38872
7.73993
5.71587
6.41371
5.32599
4.86931
5.98719
7.14415
4.95226
5.85506
6.33353
7.50019
7.00697
6.70122
5.89969
7.61238
2.87668
8.82362
6.07375
4.27706
6.81768
5.88995
7.16951
5.71595
7.31194
6.03064
6.90629
4.87494
6.76173
7.21284
7.99494
6.40059
7.79065
6.7847
5.65284
6.76107
4.58835
4.84829
7.73139
5.57665
5.56839
6.26866
4.53304
4.39479
5.90406
7.58487
4.9317
5.20347
8.55211
7.58164
7.86908
4.26972
6.23616
7.1262
6.04759
6.79699
5.33009
5.36839
7.38386
4.64573
5.37929
5.25683
6.27331
6.50951
2.38956
7.06102
6.8701
6.23512
5.76072
7.04389
6.83681
6.90969
6.04535
7.05445
6.54849
5.8326
6.8663
5.24227
5.73937
6.27948
5.81793
5.41965
6.98048
5.79552
4.26512
5.18108
5.8806
7.52147
5.81197
4.62131
6.56927
6.89086
6.87885
4.68766
5.27091
5.84909
6.35528
5.75694
7.08735
5.55554
5.91011
3.87566
5.94471
5.05518
3.32652
6.8926
4.61848
5.66964
5.41939
6.56176
4.50372
4.47759
6.9908
4.97775
7.6809
6.81485
5.95345
6.038
5.14709
6.15862
5.21936
5.52758
5.63946
9.71357
5.62233
7.98563
6.16222
7.16532
5.52658
5.4872
6.43492
6.10569
5.66065
5.08077
6.33198
5.63305
4.39428
7.30834
5.06006
6.04358
4.28644
7.48534
6.80949
7.03775
4.91943
3.05923
6.62821
2.28537
5.97343
5.17643
6.92206
6.27671
6.37029
3.05319
3.98893
6.91033
4.34119
5.50239
7.16789
6.11675
5.30438
6.21503
5.80768
4.1807
5.80139
4.65311
5.82186
3.1532
6.19926
4.50954
7.49211
9.03492
3.81524
3.94842
4.69545
2.73835
5.6483
7.00197
6.97861
5.53003
6.47055
7.2416
7.35757
7.06147
5.98203
7.2441
7.14108
5.36424
6.50604
7.28108
5.28374
5.83986
6.33605
5.76586
5.59878
4.16609
6.30354
6.54619
6.77407
5.53911
9.16342
6.21719
4.38121
4.57527
4.69062
7.43619
5.0305
6.57257
5.60764
7.16196
6.20044
6.98509
4.69121
4.85273
4.80557
5.62187
7.07028
5.54189
7.30962
5.51
5.67402
5.69071
4.83148
5.13099
6.87549
4.39507
7.26663
6.31369
5.5507
7.1978
5.24626
3.70402
6.23162
3.92835
5.14433
3.84227
7.8086
7.94063
7.0257
4.23943
6.05341
7.96826
5.78825
5.44294
6.14397
6.01827
8.86273
6.13594
6.20425
7.15099
6.78282
6.87856
5.13746
4.3895
6.54027
6.07865
7.31323
5.81594
5.25847
6.53311
4.64071
6.04487
5.2448
4.18691
7.36088
7.09709
8.12977
7.32695
6.3074
4.67999
5.78171
5.82614
3.98092
6.51146
5.99913
8.33997
7.16874
6.09858
6.70477
7.24068
6.80275
5.87206
5.83473
4.61127
6.01554
8.00362
5.26087
6.58581
7.20052
3.2173
7.23041
6.49623
6.73982
5.29023
6.36733
6.90203
6.64458
5.76388
5.22225
7.74105
6.63553
5.00534
3.5663
5.64902
9.88394
7.35852
6.56042
7.62417
6.08902
6.44026
6.79314
6.47994
6.15068
6.70992
5.69745
6.70681
6.94312
3.86425
7.11201
5.71889
7.59957
3.45362
5.76094
8.15679
6.5414
3.42407
5.56341
7.53659
7.02821
4.57982
5.69424
5.82842
5.54021
3.63627
5.88005
7.76297
8.29913
7.40504
6.66755
4.85595
6.29819
4.76867
5.96918
5.62038
7.19352
4.75017
7.32828
6.03881
8.81404
4.25573
4.08812
6.22092
5.35159
7.22725
6.45801
5.94012
4.96923
4.54884
5.61554
8.097
6.01411
5.87191
7.11085
5.03655
5.56381
5.17845
7.57367
5.45909
6.02974
7.33381
8.11134
4.79164
5.27253
5.54363
5.47971
6.62425
5.47888
5.98468
6.89853
3.76385
5.84491
5.53811
5.6682
6.25472
4.16791
4.96742
4.97318
4.63724
8.64235
7.069
7.57696
6.77162
6.55979
6.91691
7.28126
6.55284
5.36782
4.27253
5.35545
6.68581
6.58631
5.85867
4.2647
5.83567
5.9692
6.79871
5.7971
6.97551
7.40416
5.51212
6.81978
5.38017
4.64011
6.09152
5.23014
5.67682
6.87792
5.26886
4.04566
3.41381
4.79832
7.32209
4.78771
5.84654
8.02836
3.57667
6.95322
5.83085
5.84419
6.04078
6.6912
6.71394
6.39313
5.43053
4.54075
5.29677
8.20884
6.97964
3.85236
6.17301
6.09599
3.37974
5.52805
4.159
4.9725
6.61737
5.24014
5.75827
4.15524
5.83166
5.92361
6.21016
4.95702
5.29556
6.95167
5.64988
5.20566
6.79659
4.82989
2.73026
2.90352
7.1061
5.68026
4.9463
5.5177
6.17935
4.91456
4.90707
6.39372
5.10021
5.62948
6.41316
4.77121
4.20902
7.22044
4.77962
6.24312
6.64509
5.70334
8.16706
7.05028
5.52218
7.87336
7.54024
5.29065
5.65235
4.13022
6.86659
4.81088
7.54592
8.09266
3.24479
7.05188
6.40386
6.5493
4.84012
5.18001
7.17969
5.24892
5.24713
6.00148
5.5059
3.6492
5.51027
6.48503
5.65637
7.47531
4.7758
4.87994
5.56955
6.80081
4.2058
6.44251
4.6692
6.82197
7.54036
6.65019
6.80769
6.58066
6.72798
7.37356
4.91215
6.19702
4.94326
2.75366
5.32503
4.92395
5.99807
5.55369
7.57081
4.75928
4.19983
8.17864
6.70618
6.49336
4.29594
5.69323
7.87036
7.55871
4.53753
6.89662
7.12321
7.23003
5.77204
5.62809
5.1644
7.7735
3.62401
4.59413
5.86048
3.50039
5.16802
4.73082
4.86355
7.13093
4.95481
7.15304
6.63176
5.75282
5.41797
6.98807
5.67246
6.41258
4.39273
6.51087
5.60384
6.05553
8.14697
8.40581
4.75355
7.0944
8.42564
5.44037
5.59145
6.66132
6.19128
3.25231
6.56188
7.01147
6.24211
2.90332
5.48628
5.83552
6.0563
5.74452
8.65544
6.90279
5.83434
7.63939
4.83916
5.82596
7.38781
5.58631
6.47455
5.85815
5.62533
6.5177
3.82701
7.11934
7.72858
5.02683
5.48793
5.74723
6.26009
8.45304
7.56557
8.30705
4.93875
5.58655
7.17431
6.04583
6.12959
5.09073
6.62609
7.05679
7.09318
5.51456
6.40662
4.49662
4.46527
5.8528
6.65626
4.79996
4.29016
6.35754
3.70548
4.50501
6.39618
6.86409
3.56233
6.50224
5.18384
6.79558
7.8481
7.83632
7.56555
4.79354
6.46923
5.24039
7.18946
4.82987
7.88224
6.66687
7.84663
8.22723
6.1311
6.04172
6.04333
4.96225
6.67514
5.19572
9.89458
6.36288
4.91903
6.00963
6.7533
6.22683
6.35718
4.94895
7.34254
5.33419
6.84697
6.52696
6.34179
6.38129
7.91577
6.13654
4.91308
8.06317
6.21245
6.01469
5.02792
4.95259
7.17211
6.7429
7.27755
6.7655
4.43755
7.55399
4.4937
7.24625
8.10638
4.47757
5.84969
2.87811
5.77452
3.91115
6.21312
8.04982
6.87194
5.27713
6.0211
7.59263
7.49592
4.42949
4.67247
7.49384
7.10254
6.3338
6.03863
2.53464
3.88672
5.74421
6.83689
3.80703
4.55413
6.73001
6.19548
3.46176
6.49967
4.54742
8.33539
5.04661
7.19066
6.21049
7.06316
5.6871
5.57873
7.42093
6.99712
5.64206
5.99297
3.47554
6.83911
7.06501
5.70357
7.04109
6.16884
5.89839
5.94377
6.74243
7.4343
6.11922
6.28508
7.25146
6.51858
6.34513
5.15648
5.7468
6.41763
5.97678
7.28188
7.37032
6.54854
4.3741
8.04142
7.60831
7.72742
4.26128
5.71686
4.33893
6.97207
5.283
5.75584
4.9101
4.78152
6.93552
7.24305
4.59773
7.20354
4.51332
4.63872
6.13012
6.14021
5.75802
5.99089
5.85986
6.26088
5.60408
7.73282
6.80377
7.85893
5.86542
3.25771
7.91641
3.43223
5.74865
6.67194
7.4295
7.8843
6.0374
5.75736
7.18901
7.10343
8.45538
6.03304
8.64563
6.00204
4.58688
5.50472
6.30344
6.44273
5.32624
5.6661
7.17533
6.82216
6.46722
6.08444
6.44893
3.77835
5.04682
5.4894
6.80619
7.2923
3.31997
6.53106
6.56985
7.52523
7.64912
6.03581
4.64342
5.34579
6.92911
4.24389
5.92541
7.64249
6.98564
5.319
6.46529
5.92374
6.38998
7.04631
5.99147
5.15053
4.26604
4.63319
3.5509
6.56012
5.17623
6.39029
3.12015
6.06398
5.99936
6.27373
6.10552
7.99207
5.57757
6.1251
5.46142
5.19814
6.35395
7.46811
4.55471
7.75063
7.58261
6.57282
4.54767
7.52789
4.85472
6.89185
7.27855
8.24045
7.0873
7.95995
7.02385
5.72712
5.69097
5.4657
5.5095
5.58104
6.13179
5.63065
8.27222
6.07698
6.5532
5.81867
5.04325
3.83201
5.71118
5.92544
5.37011
5.23827
6.31049
7.64813
6.43506
5.77918
5.63721
7.64828
7.4657
4.2871
6.91278
5.80036
6.36487
5.36065
7.02385
5.41288
5.06552
5.60497
6.80959
3.69102
7.73216
7.15897
5.51358
7.55549
7.22434
6.34892
7.85974
6.60475
8.3175
8.28039
6.57764
7.8157
4.85608
4.57621
5.89166
5.16466
5.92712
6.29924
5.00066
4.93141
5.50621
5.91726
6.45835
4.97625
4.65515
8.4073
5.95237
5.9556
7.41744
5.81269
5.21194
4.51583
6.73254
6.14673
7.61629
6.64953
5.20207
6.56958
6.96976
5.71764
4.46215
5.55621
4.60478
3.28665
6.3604
8.4008
3.94299
6.9338
5.68278
3.89673
6.64997
5.34411
5.44137
5.2465
6.80589
5.51499
6.1233
5.74278
7.94726
5.21023
5.41074
5.87461
4.68148
5.39053
5.76809
4.89511
4.49943
5.05783
4.92364
7.00251
5.63005
6.53858
8.05772
5.16217
7.18633
6.84303
6.11067
6.76505
5.65336
6.73704
7.69052
6.38472
5.34588
5.25157
5.14536
6.1669
6.29043
6.68826
5.4396
5.58528
7.20205
8.10557
5.15656
4.51829
5.26457
7.25905
5.1687
7.03899
5.39115
6.45009
8.08964
6.74952
6.47981
5.84661
5.44434
4.10353
4.90221
3.59595
5.06209
5.53014
6.6188
6.21315
6.51255
5.22481
6.24806
5.95614
7.7238
4.90641
6.367
6.66244
3.93937
4.61035
6.64499
7.41927
6.89537
6.97686
7.29027
5.5813
2.72438
5.37378
2.62148
7.68324
6.23034
5.34846
7.71888
6.29085
6.47164
6.33171
6.68078
5.89855
6.92504
6.79222
6.20934
7.07699
4.90944
7.25037
6.40477
6.26746
4.93487
3.83396
5.47482
4.09537
5.70309
7.32663
5.6831
4.58086
4.77709
7.74961
5.92823
6.07612
7.61189
7.29805
9.44109
7.07131
6.84956
5.13906
6.5084
5.83139
7.05762
5.51881
6.68534
4.60096
8.68162
7.87637
7.53789
5.35086
5.94122
6.77606
6.15904
4.17188
4.2064
6.02112
6.01003
4.56568
5.63373
7.2843
7.3597
6.90325
2.84455
3.56843
6.31002
7.05202
4.11062
6.10632
3.61016
6.6045
5.57081
8.07782
6.85419
6.68291
6.65413
6.72766
4.57338
5.47001
4.53493
6.44353
6.92245
5.71354
7.54019
6.26214
7.27724
4.8458
6.78639
4.52139
4.69454
6.23561
4.11021
5.19725
6.61477
5.21573
6.4989
7.2915
8.10877
4.1967
5.01768
6.0975
5.02045
5.45045
6.91475
8.85248
6.13367
5.39864
5.94325
4.19345
7.9941
4.91108
5.99479
7.1936
8.5826
6.20312
6.39801
5.31559
5.10636
5.66416
5.79628
6.25264
7.48426
5.30951
5.81068
5.23572
5.42241
9.9671
8.70619
6.22623
6.13712
6.18823
5.92857
7.58314
5.95298
6.13065
7.28286
6.15124
6.0747
5.23693
7.11338
4.62507
5.08496
6.71845
6.14394
4.2696
7.87183
5.61684
5.48859
7.44685
5.55686
7.2115
2.61624
5.83051
6.8748
7.09975
4.42833
6.2944
5.07496
8.56436
6.44828
6.03771
4.81205
4.37034
3.79404
6.50877
5.29746
5.88832
3.44
5.43983
5.73932
7.22977
5.04121
4.72743
6.4416
5.45749
4.19731
7.04835
5.36831
5.83224
5.46163
4.90133
9.07678
6.29531
7.70588
8.01379
4.65037
4.5681
5.50638
7.63301
5.16494
4.88593
8.22204
6.80383
6.87226
7.43198
6.76135
4.53288
5.96578
7.77647
5.50126
5.40648
5.47448
6.10721
4.49437
5.37204
5.24104
4.26557
5.60142
4.57226
4.4762
7.36287
3.83289
6.87517
5.70007
5.54728
8.53539
7.86208
4.50706
3.50749
8.33551
7.10387
6.28118
3.11902
5.11364
5.22508
6.5133
5.86059
6.90239
4.86857
5.0898
6.8717
5.73408
6.26244
7.45069
6.0846
3.69077
7.74701
6.34371
6.79179
7.08847
5.56481
4.99955
6.08442
5.58587
5.73554
5.80758
3.26559
5.47668
5.69636
6.58398
5.4528
7.12004
6.41062
4.37334
7.01136
6.39611
5.35433
4.84431
7.34184
4.35516
6.02542
6.32497
6.36972
4.78275
5.54144
4.76209
5.89534
5.04191
6.98063
5.71776
5.19483
6.40607
5.57673
5.13944
6.50928
6.3241
6.7737
6.7602
6.20358
5.18999
6.19108
3.50175
5.88649
8.40752
6.9949
4.47559
6.1721
3.52414
5.20603
4.38594
6.25826
7.02145
3.22727
4.89372
5.67542
5.24689
7.67166
4.54368
5.09211
6.29105
6.61999
5.61161
6.72643
7.24297
4.13068
5.16265
3.9183
3.64078
4.33351
6.45593
5.3532
6.56647
5.38784
6.91709
4.07799
5.93927
5.13054
5.54384
8.23381
6.0579
7.07375
7.25354
7.25715
5.89009
4.89115
7.73005
6.82979
7.91862
7.55798
5.52039
5.81576
4.90522
7.42049
6.8473
6.49381
6.70525
5.38623
5.16041
5.86346
6.67508
6.16009
5.67639
7.0587
6.30052
9.56215
7.2762
6.74959
4.65878
5.19044
6.50724
4.63008
6.31171
8.72194
6.13412
6.72457
3.89852
5.88555
5.4562
6.33107
4.47449
6.1604
4.08904
4.38678
7.24585
6.76886
7.0163
6.84006
7.1761
4.64113
7.74665
7.53791
7.08674
6.0771
6.0459
5.99295
5.44158
5.01108
7.21588
7.4241
3.7513
7.30363
3.71501
7.17034
6.22161
5.95553
6.86778
4.64178
5.62468
8.0796
5.97091
6.31705
4.7283
6.06441
3.64334
5.03679
4.76491
7.08847
7.29706
7.5685
5.58603
6.74514
3.96128
5.9654
4.61008
6.15094
6.49704
4.06505
7.67878
5.56624
6.08502
8.27246
7.46751
7.16079
5.68018
4.80402
7.89012
6.27518
7.44282
5.12162
6.24989
5.8551
4.77571
6.20195
6.92095
6.90598
5.13866
6.87921
5.91843
5.53497
5.49356
3.9167
6.48961
5.41382
7.85107
4.82278
6.78243
5.41156
5.66118
5.2272
3.44365
8.13239
5.64482
5.30313
8.38386
8.63409
6.43871
5.06213
7.10233
5.06059
5.19061
3.05659
7.90307
6.60394
6.13656
7.48007
5.72962
6.78277
3.39392
7.77749
4.8572
4.77602
6.34816
7.41966
6.94353
6.25012
6.11863
4.98814
5.1868
4.51795
6.58824
5.8193
4.8461
5.71344
5.9091
6.71347
6.39651
7.45206
6.34918
6.0328
5.90781
5.61951
6.92698
7.32966
2.45479
5.91429
4.34494
6.70056
4.24339
7.19861
6.02789
4.90787
7.10317
5.56746
4.25951
5.25078
3.90809
6.58208
5.59117
5.6166
3.32347
3.57006
5.81796
5.2671
5.15958
4.23256
8.02917
7.74254
5.96311
7.20382
5.12024
6.36841
5.30873
6.96893
6.26064
5.17764
8.32761
5.44422
5.62003
5.2464
5.91879
8.40152
5.33632
7.22162
5.00402
5.24323
7.0128
5.49559
5.99063
6.43891
7.46471
5.27659
5.9997
5.85453
6.76796
5.31716
3.53758
7.15356
5.79325
7.44076
5.52609
7.88674
8.59402
4.59977
5.17984
4.58821
4.77837
6.78973
6.05638
8.22779
4.58101
7.37096
6.9987
6.20374
6.21763
5.73632
7.68289
7.97421
5.93085
7.0631
6.51784
5.76332
4.0659
5.86475
6.36238
5.57856
7.8503
4.76694
5.67111
6.46084
4.87869
4.59698
5.71233
5.8021
6.47608
6.63645
4.28018
8.59974
6.56231
3.60724
4.28484
4.18402
6.48071
4.7299
6.39636
5.34373
6.25072
6.58605
6.70627
3.61259
5.92156
5.84897
5.71156
5.58377
5.16401
7.44255
6.4998
6.88317
3.20381
6.10931
4.28147
8.86642
5.66635
4.85285
5.3979
5.13925
6.5591
4.44768
4.79113
5.67626
5.53446
5.54694
6.75061
7.61986
6.05796
6.21982
4.5622
8.63148
6.07835
6.58346
7.05958
5.71004
7.77997
8.5191
6.68212
6.48185
6.25049
7.00932
6.49737
7.67775
6.77533
6.92206
7.47577
6.22989
6.0376
5.94522
9.4681
6.29956
6.5369
5.83436
6.04077
6.5494
4.76316
7.51692
5.93055
6.38042
5.37757
4.91915
5.31729
9.00025
5.30755
7.52248
4.39367
6.80698
6.7073
6.5966
5.55178
5.94735
5.11524
7.541
5.09478
6.66165
6.64746
7.1601
7.60203
6.55515
5.463
5.22098
7.77606
7.8494
5.09508
4.6144
6.09996
7.30946
4.93448
7.27952
6.10009
8.32992
6.37562
6.64411
4.7075
5.15734
5.0064
3.43795
7.02
5.56239
7.91538
7.31753
4.82031
4.36726
5.63114
5.92726
7.73033
4.3105
4.71859
5.82336
6.63149
4.48318
6.54407
4.68189
4.50415
3.49777
5.70775
7.55649
4.31385
4.71895
5.53302
6.33115
6.58903
5.19208
7.42603
5.53906
4.76217
7.24442
6.4278
5.62641
7.50607
6.31761
6.18857
8.99836
6.94438
6.23447
5.96491
6.54421
5.5647
6.854
4.35676
5.62803
6.78432
5.65161
5.46279
4.69067
7.93257
7.61992
6.81188
4.3495
5.08188
5.75979
5.43497
5.71093
6.43662
4.86283
7.49513
6.23128
3.61756
6.2562
5.69897
4.11097
6.89166
6.77678
7.5336
6.22732
4.84999
5.11132
4.77026
6.05782
4.2526
7.1305
5.95453
7.55535
7.65528
5.61847
3.44466
4.70315
6.25693
6.0046
6.0621
7.4303
3.44713
6.57078
5.18419
3.86289
3.6145
6.57483
6.06045
9.13933
4.88063
4.64355
6.04006
5.35945
6.47744
4.76715
7.93487
5.59275
6.91278
5.08292
6.76483
6.35707
3.6643
4.66651
6.76951
6.47813
8.65458
5.49832
7.47061
5.22259
6.74868
7.28226
8.57814
7.78736
6.375
5.8126
8.72906
8.4272
5.65697
6.16011
7.08634
4.58928
5.73328
4.84389
5.62539
7.29079
5.98209
5.19359
6.0184
7.24666
5.16191
6.53243
4.85318
4.44147
4.47033
6.4243
4.60777
5.95756
5.55677
7.81609
6.42878
7.36491
6.6746
6.90355
6.61627
8.03004
6.0305
6.00689
4.89291
4.63332
6.39041
8.11711
6.70659
6.73395
5.2578
5.88389
5.46894
4.60372
6.41261
7.23475
5.77984
7.33239
9.57281
8.6029
4.4308
5.87854
5.9416
2.82468
7.20837
3.41108
7.14361
6.25813
6.00466
6.61326
8.1279
6.5494
5.61408
5.53247
6.41984
6.52762
4.88719
6.02635
7.61806
6.7539
5.2494
5.77222
6.43331
7.45038
7.84377
7.23082
6.91451
6.70497
6.89483
7.61731
5.22336
6.73047
5.29765
7.39625
7.46186
5.47177
6.2394
7.95227
6.63049
4.67609
8.29185
6.6849
8.89843
7.2231
6.13058
7.90446
7.18151
6.63474
5.78118
7.09373
6.58209
4.05214
6.29112
5.01984
7.4495
7.57343
5.2735
5.12139
6.22944
5.25866
6.40804
7.14215
4.982
3.50176
3.1324
6.12122
6.78756
5.87001
6.90706
6.53811
5.79369
4.79794
7.1781
6.57527
3.90354
5.03481
4.48799
7.95441
8.5354
4.97593
6.1568
4.72238
7.77259
5.51728
4.4169
5.75982
4.59157
5.60957
3.09785
6.92356
3.75555
5.61172
5.2591
5.42067
8.01432
6.67727
6.2288
6.19702
7.20082
6.96332
4.71848
5.8314
5.21231
6.27564
4.45843
6.21494
7.04524
4.33199
4.12527
4.11476
8.06333
6.94374
7.09682
5.07788
7.16842
5.56329
6.35343
5.54177
6.88692
5.48794
5.96217
6.67077
4.57679
7.19474
6.35823
5.82424
5.20559
6.93552
7.1136
6.83455
6.08655
5.4116
5.74117
5.45994
5.08461
4.79559
8.29657
8.73136
6.16501
5.52487
3.77274
5.39683
5.87716
4.82074
4.12902
7.12593
5.22716
6.35318
5.55884
8.69572
7.59777
5.75088
8.33856
6.35292
5.83474
5.7427
8.53795
4.24734
5.44374
7.62506
6.63838
4.66086
6.43039
5.90872
6.15638
4.62986
5.50207
5.80749
6.45764
7.98033
6.28447
4.76324
4.91157
5.70159
4.60828
6.18873
5.50406
8.69193
4.73537
5.05956
5.7913
4.49967
5.92661
6.42616
7.09539
5.50695
5.06184
5.98464
5.79438
4.02076
7.80824
7.30657
6.65281
6.31569
5.69654
7.25063
7.91011
5.38538
5.39731
5.16707
7.74647
7.29889
4.44263
7.32226
6.77486
6.31725
4.84898
6.12607
6.77824
6.72953
6.41771
7.19186
5.68558
6.61357
7.30073
5.07556
6.22983
8.66773
7.18342
5.50223
6.269
8.08252
4.95638
6.90585
4.42998
7.80396
5.87828
7.92586
6.92295
4.31344
5.05265
7.18648
3.33201
8.34216
6.18553
4.94172
5.71967
4.12862
5.8249
5.81886
6.95058
7.81893
7.71644
7.5756
6.46492
6.71018
4.6289
6.73529
5.74697
5.96105
6.72119
6.02978
5.85861
5.18667
8.09826
2.75714
3.79638
6.05252
7.63628
6.4503
5.31868
4.17693
6.56243
7.56456
3.50237
5.78988
5.00684
6.33491
3.74737
7.98108
5.15112
5.22947
5.32128
5.52366
7.69932
7.30018
8.81146
6.31872
6.77083
6.27735
5.45786
3.57323
4.35056
4.40908
4.25612
6.88849
4.3768
5.30692
6.97021
5.74119
5.3447
4.94787
5.05117
4.23933
6.2328
4.75272
7.19389
7.17848
6.71284
6.24712
5.40049
6.30136
7.10846
4.67359
6.29284
7.77671
7.31746
6.41985
5.76093
5.74229
5.87103
4.91559
5.90586
6.25602
5.05913
6.22995
7.35802
3.69188
5.38909
4.32223
7.32449
5.42065
5.23712
5.76608
4.52629
5.53942
3.66441
7.9668
6.33014
4.90227
5.41035
5.3916
4.86782
6.446
5.79901
7.80905
7.72515
5.17889
5.97725
6.89137
3.13341
7.83865
6.09763
5.75058
3.82396
6.93692
6.31128
6.15627
7.16908
6.03772
6.42419
7.11183
6.88737
6.14273
5.35306
3.83849
4.3648
4.00017
8.51307
7.22186
5.01359
6.05259
7.02852
7.26034
5.38699
6.07341
3.97153
5.9438
4.84815
5.23451
8.3164
6.56569
8.67361
7.06139
5.3537
5.82401
6.49318
4.9301
5.49202
6.44408
8.32531
6.30634
4.54273
5.44117
5.96127
7.4343
7.61333
6.34139
5.28214
6.26464
6.12367
4.65668
7.98179
5.63731
6.48913
6.69126
5.43981
7.15062
5.83831
5.24054
4.89843
4.80469
6.71951
5.34436
5.95348
7.23912
6.73989
8.46445
7.57441
6.66294
6.85032
8.59333
7.8037
5.62027
7.71905
7.39749
5.12332
5.5558
5.63582
3.33826
4.01637
7.56937
5.37898
6.75027
7.67496
5.34785
5.80425
7.24469
7.11704
6.38094
6.3764
5.40403
8.01808
5.46781
5.05541
6.30861
5.90277
8.5771
5.17675
5.06699
4.55631
5.50679
7.66037
7.56869
4.7315
7.79183
5.18101
4.95872
5.75062
8.02951
6.10049
4.4575
6.88249
4.8563
6.19384
6.23291
5.22307
3.07565
5.13216
5.8905
6.60839
5.74935
7.22003
2.38202
7.46131
4.53184
4.59127
6.34819
5.43211
6.10707
5.6454
6.51168
4.40458
6.58276
5.21666
6.42299
5.50472
5.14152
6.80808
4.65289
4.22491
4.53593
5.52896
5.33582
5.80495
6.14901
5.34974
7.55915
5.8701
5.09571
4.84191
6.40466
4.1893
7.92054
6.52097
5.83877
6.51922
4.2906
4.05372
4.7235
7.67907
4.8245
4.70541
4.08114
6.59715
3.30797
6.59608
5.57995
6.07742
5.43366
6.12366
6.23312
5.81523
6.45748
8.28771
4.69657
7.60507
6.8087
6.56982
7.43367
8.03603
5.16787
8.34496
6.08194
5.85609
6.47446
4.76183
6.83452
5.78624
6.63455
6.49042
2.3135
7.99379
5.50143
7.3762
5.16116
5.53509
4.94311
7.43313
5.61637
6.70741
6.65148
6.46818
5.09573
6.53744
5.25576
5.74751
6.92312
5.13616
6.81416
6.25918
5.77548
5.74924
7.80592
5.82764
6.69117
6.8171
5.80085
4.23771
4.10552
4.81162
6.34299
6.60646
5.89064
6.47522
6.13743
6.80649
5.18289
3.7514
3.13717
5.65103
6.87533
3.97469
5.99615
5.31076
7.67797
5.62141
5.75084
6.0165
5.92549
7.78374
6.09527
5.69357
5.52244
5.34412
3.72683
5.59679
5.17567
6.51224
6.43874
6.73467
5.33988
5.38315
4.12995
6.00145
5.45555
6.02858
4.11869
6.78421
3.99237
7.0584
6.30418
4.35249
8.30338
3.57183
8.73023
8.40395
6.57226
6.23691
7.94923
6.73625
6.47482
7.1583
5.81542
6.02062
5.27969
3.58835
4.54004
6.28565
6.74765
5.91678
4.2798
5.14126
6.50228
2.47131
6.29793
4.12202
8.86464
5.46884
6.40422
5.88567
6.73116
5.02417
5.38626
7.28765
7.50024
6.6981
6.4056
5.56202
5.04783
4.23355
7.1643
4.38157
5.37267
6.19282
5.92369
4.22985
6.1784
6.79203
4.44392
6.07189
4.80492
5.35821
5.21584
6.05294
5.33575
7.34677
5.32872
7.47458
3.8754
7.42403
4.35083
6.40719
6.06102
4.65626
5.36065
6.92383
5.0333
5.57003
6.16751
7.07381
4.98097
7.09791
2.93547
5.93325
6.63027
7.1379
6.65531
6.29895
5.61364
5.77704
5.16492
6.36123
5.46143
5.46969
6.782
6.27172
6.96188
6.31552
4.38531
5.33014
7.24288
5.55497
7.05206
6.82105
7.29448
5.76057
5.66793
5.72153
5.63074
5.81191
5.55146
4.37764
5.16993
4.14165
6.48931
4.54118
6.21792
5.28995
5.90365
6.57071
7.37319
6.50569
5.38787
4.04743
3.45709
5.12833
5.07602
5.04155
6.08883
4.63635
6.68886
7.20785
5.17059
5.97176
5.57666
6.53821
6.67375
6.31608
5.58503
6.92946
8.29523
6.85768
6.01039
6.14536
4.96275
8.2315
5.12681
5.27858
8.09827
5.27117
3.40815
4.94378
6.93334
5.01374
6.75722
6.17199
4.70163
6.16577
5.64984
3.10976
6.75715
7.32915
3.60711
5.68631
5.88409
5.77851
4.7856
6.20329
4.22436
5.79786
6.08737
4.68811
6.09288
8.44774
5.64163
7.42395
6.57336
7.11955
5.30387
5.07011
4.6633
7.09298
4.15051
5.67544
5.44744
5.13071
5.52863
7.23176
6.00205
7.10665
5.74648
7.37506
5.01889
5.41306
4.80643
6.11785
6.61702
5.84705
3.89364
6.6989
5.44562
3.88803
5.73184
6.23287
7.6224
3.98503
5.81434
8.21515
7.17839
7.04005
6.23281
5.78906
6.38213
6.77497
3.90795
6.33991
5.25543
4.89434
7.56066
6.77583
4.85775
5.61793
6.0914
5.75571
4.97354
5.30603
5.32828
4.10193
5.5343
4.44483
6.6528
5.76527
7.0013
4.22432
5.76515
7.79348
8.90733
6.79206
5.50171
6.85648
4.79391
7.41014
5.81874
7.20592
5.57013
6.80993
3.91524
6.15422
7.36687
6.63593
6.80007
5.96432
8.17127
4.94392
5.32762
4.41835
5.71421
6.3958
8.06767
5.7195
6.08964
4.26508
7.92307
6.51502
4.74406
4.64756
5.22247
6.44418
4.53346
6.87306
5.86134
6.74005
6.05485
6.50942
6.63991
5.92197
5.77055
5.3138
8.68088
6.8413
5.50099
3.69551
7.33538
6.65039
7.67999
5.12604
6.23658
5.63722
7.69901
5.88556
6.05136
6.89424
7.0353
6.73665
4.90244
7.28538
7.30642
4.76018
7.5044
6.21925
4.44758
6.15591
6.90199
5.17835
7.28577
6.20528
6.23892
4.99589
7.48903
5.94219
5.0578
6.25479
5.04221
6.10189
4.63516
4.07963
5.57464
5.49035
7.02905
4.83132
5.9951
5.40116
7.32178
7.11993
5.71437
7.50325
4.53129
6.59475
5.54302
7.19323
6.41185
6.41545
4.3027
5.15343
5.65073
4.75443
9.97757
4.50094
7.9564
5.16789
5.19144
6.85821
6.28465
7.82314
5.74382
7.32135
6.933
3.32137
7.0981
6.48239
4.2103
4.51552
6.12814
4.69858
4.45211
6.0474
6.41013
6.17341
4.64547
4.48619
6.40065
5.08366
3.30002
8.13113
4.81718
4.85258
7.71861
5.50883
6.1316
5.37287
5.03857
6.07321
6.01979
4.55728
5.23076
4.27574
5.84649
5.36413
6.3311
6.84316
7.40515
6.67038
5.51293
5.15216
9.72295
5.33283
5.43792
7.27858
6.15987
5.93868
4.3365
4.93318
4.43295
7.17896
6.12229
5.69651
5.03991
6.22283
6.08239
5.41192
6.96838
6.43422
7.45847
5.05288
6.73868
6.30205
4.29331
7.06628
4.12629
5.46861
6.59567
6.52117
7.6621
7.30754
7.59485
4.51633
8.14354
5.50709
6.13281
7.55875
5.34277
6.47714
6.06524
6.879
5.52318
7.70337
5.60651
5.5801
8.36577
4.99536
7.5026
4.64095
6.84227
5.55135
6.56912
7.43387
5.46885
5.33111
7.01833
6.25756
6.41074
4.95169
5.17737
5.3058
5.83271
5.27339
5.96692
6.08473
5.72705
8.62173
6.02101
6.09243
5.72798
6.5538
7.629
5.40701
7.02122
6.04194
4.72589
6.837
6.61058
6.74309
5.63336
5.13361
6.39772
6.58376
5.92161
6.49218
7.95442
8.97755
3.44486
4.83375
5.90273
4.17667
5.60317
7.83817
7.29181
5.79951
6.01157
8.38151
7.61862
6.84736
5.40599
6.10519
6.25473
4.07102
6.05798
4.89754
6.76446
7.74634
7.37551
8.73287
4.70096
5.81123
7.21095
5.40225
6.42217
7.26528
5.43571
4.16418
6.84438
6.54084
5.76577
5.30119
5.73428
7.48146
3.90378
6.29767
5.71815
6.79649
5.76219
7.79144
6.14962
4.83061
6.42533
5.83117
7.47178
3.36273
5.17624
7.81909
6.61191
6.28631
6.62274
5.37261
4.48032
8.13497
6.86149
4.87578
4.32738
6.73097
5.51754
6.27403
5.93929
5.55825
5.4331
6.04358
7.71529
5.99243
8.14272
8.34613
4.90668
7.31218
5.06613
5.31691
7.23405
5.46551
4.70301
4.99888
4.50324
5.28535
5.06124
7.0435
7.19162
6.36316
4.96024
4.89621
6.32845
5.06401
6.36194
5.00154
4.28456
6.70771
5.80414
3.78652
6.92141
6.44682
7.86457
6.48559
5.8935
6.75456
6.32195
7.11623
7.23221
6.36986
6.6862
6.40886
6.75724
4.86204
7.77765
5.95297
5.68238
7.73255
5.41681
7.12462
4.5949
5.11793
6.13035
5.91473
5.37261
4.40539
5.806
5.04616
7.36966
6.25015
6.85214
7.45694
4.10103
7.11106
4.43889
5.57425
7.61824
5.96012
5.88361
6.71292
7.01595
7.49952
6.68005
8.13452
7.2159
7.32522
6.63619
7.42028
5.81725
5.54378
4.83777
6.05001
6.09758
7.48357
6.16986
6.82615
6.11991
7.62103
7.75373
6.90195
6.71131
6.53202
5.74832
5.333
6.42772
3.5551
3.11435
5.99512
8.61078
6.58579
7.10876
6.3977
6.58404
7.38811
6.66545
6.26966
7.59168
6.00851
6.82213
4.44034
5.85658
6.51426
6.37323
5.45644
6.45423
5.45425
6.75004
5.78522
4.13118
7.43764
6.44847
7.2764
5.54842
5.51666
7.14762
7.23816
6.54074
5.49283
3.49339
6.60693
5.81463
4.62553
6.77845
8.2512
6.63654
6.6671
5.40377
5.30267
5.82124
6.00654
4.77075
4.91759
2.52331
4.55923
4.55264
4.95365
5.62779
7.07787
7.36366
5.35504
5.79596
5.56077
5.8832
6.34667
5.40147
5.98319
5.35263
5.08451
5.45878
6.91872
5.76405
7.44811
3.94348
5.79929
4.30283
6.75912
5.55529
5.98407
6.11582
4.90621
4.7628
6.57705
6.52381
7.70962
7.59004
6.50082
6.42828
5.45045
7.23442
7.07144
4.32736
4.34134
4.71888
5.92056
5.30577
6.06846
5.31134
5.60816
8.74115
7.15337
6.61888
6.96808
5.49058
7.24302
6.70154
4.65547
7.4207
5.6629
6.24214
6.29003
7.27366
5.85226
7.41829
6.03319
6.16748
7.86191
6.81838
5.52662
5.60376
7.1482
6.55527
6.14737
6.88995
5.97059
5.58938
8.03405
5.6977
3.7745
6.90273
7.06124
5.64965
4.85648
5.04504
5.45601
6.32759
6.92944
5.7364
3.8424
7.02362
4.67395
6.36044
2.67741
5.78499
4.01196
5.01484
4.84953
7.16062
6.56808
4.98534
5.72399
3.18895
5.57423
7.56957
3.65224
5.58334
6.35902
5.15279
6.25663
5.74505
7.33196
5.46469
6.19448
6.83545
7.46831
5.46157
7.01627
7.11756
5.78636
4.48628
4.98849
4.24818
6.5888
6.57325
5.12808
5.62872
7.55459
4.72261
6.40551
2.72647
5.653
7.52983
6.43682
5.64754
7.43354
5.12057
5.79796
5.6542
5.58487
4.90293
7.69323
8.02108
4.19359
5.55197
5.5519
5.49715
3.38381
5.06085
5.22199
8.30521
3.53296
7.96799
5.91977
5.21931
7.06238
4.02034
5.86462
7.13043
5.82444
7.6795
6.88398
7.09977
6.68671
5.75036
5.68183
6.84436
5.78421
5.40638
6.07658
6.0579
5.87647
5.73633
5.89763
4.44264
4.42754
5.30664
4.83002
6.65432
6.27517
5.55549
6.40065
7.02925
6.39856
6.51777
7.10517
7.14197
7.61839
7.23558
4.50364
4.41947
5.40745
5.46674
5.09577
4.57295
5.50256
5.61321
7.34395
6.3243
6.80897
7.16992
6.67673
5.55281
6.3856
5.73041
4.90417
5.00492
6.61195
6.8894
8.5292
7.34597
6.48201
8.37424
6.82832
5.66739
7.32284
3.98633
6.32822
7.51143
5.75413
5.63204
7.28998
5.07931
5.53919
6.57556
5.13296
6.86173
3.20356
5.53294
7.19331
6.36348
4.8548
6.67676
5.13743
7.33905
5.13237
7.21656
6.36354
5.83082
6.81812
5.50674
8.25424
5.49113
8.40031
6.02643
4.1672
5.07397
5.96488
4.74816
8.18695
7.07091
6.90357
6.66002
6.25129
6.86177
7.14723
7.66738
6.15074
5.27452
4.52182
7.41382
4.70544
7.47466
6.44823
7.38183
6.21982
9.39833
7.03491
6.47516
7.25219
6.13928
6.31435
3.33108
7.0864
5.40058
5.33518
4.89763
8.32053
6.74349
5.57466
3.39254
6.82668
5.71804
6.0069
5.60384
5.41958
4.60836
7.42723
5.23592
3.11995
6.28515
6.36946
5.42032
7.17593
4.52693
5.34485
5.13958
4.95462
6.62528
6.14582
5.67998
4.77075
8.36392
5.50162
3.91519
5.01195
7.68736
7.98732
7.59751
3.57447
5.831
6.53163
5.46198
5.86061
4.37544
5.0777
7.99453
4.43733
5.83235
3.84806
5.07099
7.31996
6.61978
7.40797
5.4982
6.90935
7.39337
7.78548
4.37097
6.93492
5.63826
6.50227
6.12453
9.88437
4.74016
4.52847
7.53049
7.86989
3.79448
6.16747
5.84854
5.96409
7.40323
3.25059
5.06228
7.20491
7.05165
4.9451
6.50003
4.53157
5.80674
5.87896
7.25252
5.22247
6.76391
7.1983
7.09248
5.28166
4.65085
6.30374
5.02732
5.93747
5.53276
5.74312
7.4493
5.62354
6.85662
3.436
6.28564
6.26915
6.83567
6.58591
5.52839
6.24466
3.72076
6.78895
5.68104
7.84161
5.61079
7.9228
4.33226
5.10763
4.33142
7.10075
3.74108
7.01041
5.59234
4.07949
6.27317
5.04058
6.1059
6.79052
7.54236
6.85037
6.72817
6.47759
6.98475
4.78627
8.29963
7.06955
5.76899
4.94677
7.29532
5.3219
6.72495
7.66729
8.62859
5.41285
7.72363
6.55256
5.04821
7.96617
7.30405
6.3275
5.86382
8.28066
6.36296
5.57617
5.2092
6.69124
4.0743
5.47421
7.40196
6.066
4.49388
5.20518
6.18703
6.49099
6.90294
7.10087
6.37503
8.81976
5.49131
6.93352
5.24018
7.01512
7.57853
6.03413
7.29431
2.50161
7.26394
8.55427
6.89393
5.21851
5.47085
6.22616
5.72182
5.82488
5.78081
5.51405
7.87189
5.76603
2.87533
7.98607
3.27313
6.61097
3.01686
5.10616
4.17056
7.26248
4.05756
6.15538
8.40952
4.91944
5.99755
5.19475
4.87983
5.10502
5.63047
7.73376
6.12703
6.00063
3.85997
6.17787
4.61242
8.56817
6.82801
7.18478
7.15374
7.1452
7.00527
6.37611
6.93019
5.37908
8.66785
7.52164
3.1535
6.95583
7.34864
6.51663
6.73186
6.96137
5.80468
4.63569
7.74806
6.55853
5.07871
4.36272
5.72514
5.65789
5.88832
5.09439
5.8219
4.99563
5.83396
6.32498
5.31835
7.19342
6.44448
6.69388
4.62932
5.29005
5.92087
7.04224
5.23001
4.73927
5.47137
5.35599
5.69087
7.44657
7.63835
6.19925
5.12851
4.02668
3.99907
4.5973
4.32818
5.3489
5.00235
5.91616
5.72978
4.85125
6.34175
4.37881
4.7835
4.6531
5.47614
6.27676
5.76729
7.24413
7.25084
5.06785
6.52776
4.88601
6.59991
4.4043
5.70061
7.02526
4.0916
4.53399
7.02579
6.0747
7.56302
7.94496
7.61455
4.79842
4.66346
7.61958
6.06721
6.55623
7.60411
5.5012
6.74303
5.98923
8.15663
6.01016
5.7308
8.36487
4.32666
6.38853
6.13296
5.59527
8.58496
7.16763
4.85219
3.38378
4.33843
6.39118
7.15635
5.91824
4.23884
5.45129
6.46035
5.79846
7.22618
6.67572
6.75996
7.39441
7.68362
6.59147
7.63664
5.63997
3.66519
6.19112
4.479
5.97372
4.21845
5.53697
5.61486
5.93633
9.22097
4.81703
6.51005
5.73772
5.27706
6.89914
7.42044
5.71535
6.69115
4.1553
6.06057
6.66211
6.0186
6.04939
9.147
5.25156
6.16479
6.13572
6.00856
5.99927
5.6425
5.89971
5.53949
6.16521
4.83757
6.98321
6.11593
4.62469
8.42239
7.99262
4.81475
6.21399
6.01712
6.15932
7.58014
9.33954
3.94768
8.1491
6.50215
5.8042
8.70599
3.01433
4.56483
6.53447
6.41896
3.51134
5.91314
5.8525
6.30986
7.73215
7.55547
6.04294
8.43283
5.95957
4.61055
6.30096
5.1632
6.70761
5.53759
4.37638
6.13428
5.07682
5.7411
5.60218
6.82659
6.49624
5.79877
5.31846
4.83884
6.57508
4.85701
7.16291
4.9286
4.10546
6.47239
4.12639
6.74488
7.017
6.5665
5.14997
5.25765
7.07755
6.03353
5.59688
6.37884
4.38388
6.47601
8.12673
7.54657
5.45838
5.17694
5.60145
6.97231
6.05303
5.55616
4.23459
4.27227
4.45899
4.84889
6.12583
4.16743
5.91707
7.02235
9.37251
5.22114
4.1361
5.58964
4.92654
5.64923
6.4665
5.61837
6.19234
5.15271
8.05912
4.81395
7.00767
5.75252
5.83259
6.50201
5.7212
7.23655
4.638
6.53974
5.51483
4.95803
6.83288
5.43609
4.43759
6.3311
3.87847
5.30483
6.91021
7.60515
5.90956
4.59372
6.43418
4.80756
4.80786
7.0995
6.75282
5.67509
7.68659
7.2047
5.29327
5.99205
6.76702
5.75375
7.19381
5.77573
5.34776
6.21344
6.15716
5.82986
4.21084
4.16939
6.81604
5.07706
7.80099
6.05174
7.42001
3.78659
6.60811
5.29191
6.37133
6.82786
4.4108
4.92403
4.79661
6.01461
6.26402
5.74747
4.2571
4.9597
6.29643
6.27162
4.22936
4.62472
6.1166
4.40529
4.05396
5.98454
8.24754
6.3375
6.6587
4.85539
5.91
6.84556
6.71007
6.68672
3.96723
6.54354
6.66322
6.67094
6.53494
4.98223
4.68785
3.23989
4.74627
4.74861
4.55946
4.90479
5.34331
4.33205
5.57709
5.74114
4.48705
8.01795
6.86455
5.31744
5.44379
6.82738
6.53084
4.29367
7.3194
5.64493
6.85444
6.70382
6.73909
5.61244
4.48446
5.99087
7.69796
6.12744
7.28206
8.02698
7.92689
4.91048
5.68466
5.93945
7.50429
7.59379
5.20645
6.74469
6.61374
6.09143
6.31151
4.97349
7.34388
4.74827
6.2741
6.37859
6.58943
5.72457
5.58301
5.65434
3.93151
5.44921
4.77844
6.87869
5.83103
5.53303
9.52015
7.57773
7.40675
6.66517
4.0236
5.03766
2.61521
6.0316
5.23605
5.52612
7.54892
6.59628
4.17493
5.41708
6.32948
6.85315
4.40891
4.16763
5.93437
5.84273
4.59631
3.28907
7.6898
4.80184
8.27409
5.46735
5.47562
6.79207
6.32303
5.02326
6.61532
6.2639
5.23691
7.14205
8.61304
5.17149
6.54026
5.7692
4.17144
8.45502
3.73823
5.04995
6.23741
5.44068
4.03802
5.12845
5.98363
6.10302
4.03584
4.32055
5.29311
7.42762
6.77444
6.121
6.79678
6.9787
5.5955
5.74601
4.70082
5.7984
5.88994
6.08571
5.97668
5.6601
6.80691
4.69199
5.60465
4.45663
5.44993
5.96238
6.01801
5.76052
5.20182
7.39907
8.80893
2.49407
6.82928
6.37227
5.95218
7.36454
4.85069
6.40673
6.43729
4.72665
5.70595
6.38637
7.03074
7.9355
6.31067
4.34638
5.42742
6.78801
7.32122
4.67472
5.50097
7.2154
4.00835
4.2868
6.26993
4.65443
5.16292
3.93761
4.30022
5.91735
6.74657
5.88591
6.06895
5.42667
4.43861
5.50804
6.90982
6.96684
3.33676
6.13474
5.76645
7.14231
6.04747
7.32993
6.50762
6.41016
8.4161
6.23188
5.89706
5.88939
7.5992
6.12334
4.29434
6.59995
6.74691
8.20643
4.62918
4.65058
4.22057
5.32075
6.21647
7.26134
4.68205
6.51345
4.44125
6.86662
5.96642
6.61857
6.35709
6.75607
4.22305
4.38719
5.67227
5.06576
6.01336
5.18683
5.87863
5.33227
8.6956
7.02034
5.62608
4.92266
6.91723
5.41625
6.85536
5.72764
5.16923
3.96861
7.19733
5.26962
6.45115
4.62067
6.47599
7.3606
7.77064
6.14757
6.01012
5.7702
4.22821
8.76583
6.13752
7.07488
4.9126
9.08165
4.40233
5.595
3.79383
5.08494
5.74258
6.95472
3.89553
8.43904
10.219
4.85591
6.35861
5.54027
5.39806
7.49475
5.0196
7.07986
5.57969
7.8222
7.29861
3.37952
6.51538
7.34311
8.43174
6.45577
6.55525
5.83796
6.09018
6.69031
7.78167
7.90507
5.22762
5.80139
7.12536
5.45988
6.64109
7.01728
4.9544
5.25087
6.83656
4.89431
7.9733
6.63554
7.01968
6.85924
5.66415
5.61854
6.71344
5.75338
5.41226
4.29865
6.24341
6.7952
7.35128
5.54203
8.73915
4.58242
5.491
5.94689
3.33716
6.56369
5.02665
5.41125
4.3089
6.11093
4.04278
6.97259
6.17124
6.68839
7.88141
6.50551
6.50167
6.58692
7.29398
6.38528
6.04477
5.19345
6.67325
5.25114
4.55083
8.00545
4.33762
3.92642
3.21436
6.66574
5.43416
7.49721
4.77011
5.99335
5.96278
6.13357
6.528
8.10377
5.62608
6.51632
4.61907
4.05313
5.75214
7.13222
4.80868
6.26286
5.98455
5.54962
5.94999
8.0793
6.81238
6.27479
4.2796
6.60118
7.48949
6.19211
6.78902
5.46563
6.25461
4.82477
6.42126
4.79296
5.25304
6.28267
8.00847
7.28209
4.93108
5.56996
6.64522
4.52365
4.00992
6.65669
5.27528
5.8932
5.93074
6.36478
6.29206
4.74766
6.79004
5.41394
6.26876
4.47416
5.85447
5.73665
6.0381
6.20459
6.05713
7.86704
4.4334
4.75606
6.34659
5.26377
6.03788
4.52953
4.76659
4.86305
4.04123
5.82309
5.22225
4.94805
5.48335
5.64135
5.08912
8.05305
5.87422
4.63106
5.31569
6.1203
6.23648
5.91721
5.76352
4.67354
4.46762
5.56404
7.46025
6.68657
7.1186
6.39044
5.89528
3.10486
6.43525
6.05798
4.138
4.36712
5.77214
7.02797
8.05726
5.2216
5.81591
5.49879
6.62322
6.3383
4.69419
5.39884
5.30397
5.09725
6.33047
5.11466
6.1766
6.39123
6.37263
6.80588
6.30446
5.79354
7.68652
5.62797
8.42094
4.91635
4.36007
5.42216
5.89488
7.89149
6.4285
4.33747
6.73474
6.37954
4.84929
7.15492
5.29021
5.63419
4.75304
6.23399
5.33952
6.88581
5.52781
5.0483
4.93267
8.08036
5.58035
4.68814
6.47323
5.12619
4.40754
5.78412
5.41168
5.42581
6.60572
6.9282
8.26072
4.22321
7.1104
7.02503
6.17024
5.73323
5.84263
5.59106
5.48146
8.06809
5.99971
6.76562
6.4994
6.32605
4.8409
5.86842
5.27968
5.54007
5.36339
5.35259
6.32743
6.63892
4.68957
6.41246
5.42785
6.71076
4.03906
7.04036
7.19106
6.76403
5.9866
6.38204
6.88665
4.60288
6.75708
5.48789
3.43685
6.11504
6.13583
4.02954
6.37673
4.8557
3.88026
7.03627
3.79379
6.94658
5.57579
7.31194
7.91578
6.72781
5.74699
5.00335
5.03646
5.76269
6.81854
6.22439
7.75101
5.3318
5.16511
9.12847
7.12575
4.66056
5.78496
6.50748
6.70018
4.3047
6.54341
5.44339
5.05578
6.28537
4.3943
5.68832
6.7833
5.64138
7.13761
5.79888
6.06502
5.93807
3.9997
6.79953
5.59277
5.55296
5.36171
5.09283
7.07487
8.41503
8.49925
6.94606
9.04802
6.20875
6.11757
5.6539
6.96349
4.87929
5.19663
7.44804
6.35361
7.10137
3.20617
5.30397
2.71362
6.67016
5.91474
6.59225
6.77065
5.35743
6.11773
4.47263
6.61916
4.98174
6.50414
8.09118
5.29778
6.08972
5.45592
7.30208
5.89578
6.89181
8.60953
6.76956
7.40667
6.56418
7.0322
6.42207
7.00629
5.7249
5.89962
4.76473
7.96069
7.15801
4.68762
2.43981
6.3599
6.82657
6.35451
5.14632
9.1277
5.22129
4.05604
6.0867
4.95416
6.03012
5.92049
6.82804
7.18905
5.55655
7.036
7.01548
6.55625
5.4239
6.64104
6.74654
4.97302
5.09132
4.7993
6.6284
5.9797
6.72762
5.84913
7.11085
5.33648
7.21928
5.32755
5.451
6.68535
7.25595
7.16156
6.64981
2.84466
5.6426
5.32857
7.25345
5.49118
5.01584
5.68692
4.72032
5.30223
6.24985
6.87012
5.54612
3.97811
6.53074
7.6547
7.26389
6.43714
7.22412
5.0955
3.81447
4.57091
4.48581
6.3642
5.18279
3.53185
6.94422
6.36118
6.38881
7.38
4.31268
2.34148
7.91951
6.08979
6.17468
6.39117
4.20098
7.97419
6.81454
4.37091
7.55233
6.92265
5.34188
6.01753
3.71062
6.12052
6.85975
5.18276
5.25927
5.76218
5.90982
5.07441
5.62376
5.02742
6.76812
5.30371
7.89797
5.90896
6.29024
5.75134
4.93041
6.15663
6.14247
6.97307
7.57296
6.16781
4.66708
5.74005
5.83954
6.36449
7.34438
5.15283
7.67714
5.12212
5.76943
3.45286
5.07013
5.34163
6.57672
6.35119
6.81524
7.30014
3.38771
7.19073
6.57813
5.92852
7.35527
4.55529
4.95843
6.67828
5.36287
5.60576
4.70415
5.36044
5.5623
3.32007
8.25223
3.09089
7.39285
6.74665
6.00878
6.14854
5.85983
4.42648
5.76623
6.02173
4.77478
7.05021
7.15048
6.32468
6.25627
3.31603
6.85361
8.34252
6.36159
6.26598
5.40324
6.58662
5.45182
6.03984
5.76089
5.41797
7.29506
3.49704
7.30964
5.81617
4.01836
5.3105
6.96346
6.14054
3.30606
6.28374
5.58343
5.36384
5.9648
4.60755
3.99629
5.63703
5.51194
6.90284
6.35463
5.36631
4.26009
6.26016
4.31366
6.37323
6.15732
5.98214
7.30978
7.26998
7.08781
7.84782
7.3646
6.42517
6.32427
5.87957
5.57887
5.92071
5.78226
7.06604
5.60139
6.92002
6.86709
5.14147
5.00124
6.85665
6.13682
7.1646
6.00214
7.45582
4.19342
6.78467
7.40502
6.00189
5.90991
5.58594
6.82212
4.12544
8.08394
6.86087
6.82182
6.13594
5.96665
5.6813
7.09138
6.68887
5.36981
2.17134
7.30253
4.9862
7.37719
3.17037
6.60176
7.41057
7.80488
5.46593
4.52405
5.01421
5.23375
6.91857
6.40982
6.51912
5.20839
5.45416
5.99296
6.23633
6.46402
6.19389
5.72532
5.21543
5.37462
7.50808
6.35334
5.81772
3.1041
5.15535
4.48289
4.3194
6.84858
6.49481
4.72528
4.12725
4.65013
6.29357
6.5185
6.79469
7.49308
7.72797
6.41213
4.20747
6.70864
5.2584
6.78103
6.80146
8.50375
6.16397
5.72131
5.43075
6.4221
6.85858
7.69958
5.58329
5.52513
6.24894
3.7743
5.89144
5.21993
6.1211
7.24678
4.29784
3.85876
7.34165
5.26285
9.02782
7.15837
6.39284
8.55924
8.60443
6.38482
4.80888
7.22028
7.17353
5.35127
4.50857
5.70223
6.06708
5.39521
8.68436
7.90104
3.79981
7.50542
6.24565
7.90347
6.62115
6.57898
4.28216
5.27395
4.77776
5.65916
5.76817
6.80911
4.86766
5.27328
4.59161
5.29753
7.19931
5.23986
4.65832
6.92074
5.45487
7.53822
7.17818
3.9991
4.49944
7.34298
6.5531
6.59339
6.44204
7.84932
7.69345
5.005
5.37071
4.85107
3.25372
4.95582
6.32703
5.09048
5.86057
5.12414
6.71444
6.93795
7.33063
6.29695
6.78755
5.25352
7.03988
6.45114
6.88522
3.93325
6.14606
6.93409
6.41096
6.97803
8.0087
6.44833
5.84808
6.43759
8.63374
5.14799
5.83372
4.3596
7.19516
3.71823
6.06016
5.56198
5.6629
5.89801
5.7719
6.69166
5.21767
4.41629
4.56831
7.67748
5.62582
8.52692
4.50539
5.07874
6.76037
5.81144
6.86016
5.84189
6.87683
5.26508
6.06391
3.99629
6.57761
5.88566
6.51496
8.36639
4.91945
5.79327
5.80194
6.1423
5.46303
6.81026
5.60243
7.36773
5.10614
6.60835
6.53699
6.31576
6.74648
4.79217
5.39453
5.84474
6.97024
6.70556
4.19628
5.57247
6.30269
5.66445
6.87049
5.07196
7.22828
5.73011
3.64868
6.15889
5.75047
7.87905
5.37294
7.04203
4.12294
7.32162
4.3014
6.98092
5.74152
4.9853
6.80378
5.09735
5.61187
6.83586
6.94528
6.10483
5.57565
5.90263
7.22571
4.48589
7.21893
5.30006
7.53835
6.97489
7.5818
6.26142
6.17716
6.66198
6.00997
5.57126
7.5886
6.37625
6.81891
4.1195
5.80565
6.46049
5.65353
5.41707
8.17108
6.3969
6.34285
6.52445
6.98081
5.84946
3.96211
5.66711
7.13859
4.6138
5.596
7.29753
6.00132
7.20107
6.725
7.21088
4.26485
4.76044
6.36727
8.96197
6.7961
7.09902
3.01253
6.63688
5.95751
4.57381
5.48368
5.35746
5.10303
5.19807
2.89894
6.51928
7.71468
6.04091
5.43514
5.6572
4.30068
9.19376
5.77939
3.3765
6.57332
6.71867
6.8422
7.38054
6.37384
6.63172
7.08806
6.33158
6.50956
6.81584
6.57096
8.45508
5.2508
5.38252
5.52456
3.27267
6.39168
8.30292
4.89982
3.64926
5.62328
4.79515
5.28708
6.45534
6.29574
3.63793
6.64772
5.16912
4.66297
4.70289
4.36693
6.68376
6.27624
5.90705
6.62406
6.73755
7.27958
5.00231
6.36163
5.60468
6.84231
6.63842
7.97336
3.25474
6.23587
2.9374
8.32965
7.56745
5.86472
5.76117
5.0647
6.86454
6.6584
7.94949
5.80157
4.75707
4.90371
6.14969
5.66136
5.03068
7.25629
5.52882
7.53864
5.68866
5.56087
6.47865
6.60617
6.04094
3.83972
8.41272
6.47487
6.74904
4.18227
5.37025
6.49337
8.32579
8.00132
5.2949
5.81671
6.55633
7.48858
7.17417
3.7861
6.09867
6.17633
7.27408
7.17727
7.46195
7.44313
7.65165
7.56136
6.79795
7.80124
4.72906
5.88359
6.03573
6.2733
6.78877
5.17434
5.70198
6.54994
6.88189
4.65617
6.50908
8.07437
6.09819
7.60519
6.56694
4.67722
6.7821
5.12793
6.55252
7.01732
4.46061
7.5954
8.09178
6.16152
4.92424
6.48848
6.75252
6.82034
3.81382
4.92554
7.24812
4.77669
3.67288
6.42921
6.84309
7.33787
5.45454
4.40894
5.68723
5.37224
5.98213
7.13401
7.81756
8.44389
6.24955
5.17208
5.89345
6.57444
5.43312
6.64778
6.4653
8.47972
3.91623
5.94858
7.89106
2.3129
7.49599
5.73448
9.60968
5.4592
6.56333
4.85747
5.95171
5.39761
3.81473
5.50327
5.27558
7.39915
6.40684
6.32538
5.95304
5.94593
5.59027
3.9875
5.16423
7.13014
5.17527
7.52625
6.49601
5.24655
7.60685
7.02488
6.16175
6.51149
4.42796
7.42111
3.74779
5.24238
8.6503
6.85356
5.363
3.6287
6.04094
5.3352
7.62765
4.45517
5.46115
6.8194
6.08119
6.3636
5.45592
4.49944
4.35982
5.92899
6.98681
6.77238
4.17212
4.12858
5.26453
5.51429
5.79181
4.74227
5.6895
4.50578
4.36508
4.88839
3.44692
5.08305
5.77873
4.76723
5.37364
6.07286
4.61597
5.183
5.79313
2.22257
7.47135
7.35141
3.91576
4.78165
7.88005
5.67132
5.58778
6.99802
6.75783
5.44861
8.16924
6.04204
5.78874
7.19006
5.26624
7.27297
5.80237
7.67537
5.52133
4.72135
7.43669
4.19719
6.67422
5.14184
5.5415
6.07117
6.64767
6.02886
4.49845
7.505
5.50557
6.31509
4.1401
6.81534
6.38196
6.82266
8.47263
6.44106
5.43738
4.04976
6.17017
6.79203
6.46909
5.88052
5.05886
4.76108
5.62941
4.88602
4.66732
6.5776
6.67798
6.56025
6.50897
5.4041
5.30063
7.24958
6.37651
7.31459
6.86872
5.04676
5.27353
6.67915
4.28765
5.08443
4.41024
5.22446
4.71093
7.73623
4.8413
8.60076
6.27421
7.04227
6.34934
6.00625
5.59087
5.16476
4.53764
4.98835
4.33502
4.68389
5.32488
3.06929
5.07587
5.69144
6.74631
7.28239
7.18611
8.42484
4.96228
6.73201
4.55358
5.51559
6.40365
5.25166
5.63506
7.09859
4.36313
4.94923
7.14686
5.72849
5.66238
7.3608
6.99493
7.21632
5.47207
5.35501
6.51508
4.36372
9.11915
7.09461
3.96553
3.7379
6.80108
4.44435
6.14313
6.57001
4.5894
5.57113
5.12276
5.43664
4.15609
6.58479
8.01941
4.48664
5.52702
6.5386
6.03642
7.15668
5.40496
5.97069
5.74954
7.31921
5.68847
5.8026
5.9393
7.37806
6.27409
7.23326
7.23459
7.66254
6.11961
3.38777
6.39867
5.30165
5.71816
6.17366
7.50281
5.79746
4.94646
4.9257
6.62102
3.85148
4.34149
6.14111
5.80184
6.29302
4.68637
8.32337
5.07917
6.88081
5.60841
6.83345
5.26625
4.88443
6.18752
5.91756
4.89542
5.7358
6.87884
6.10323
4.92139
4.20006
5.91765
8.36679
7.19416
7.23317
7.11849
6.42534
4.78528
5.69781
5.41045
5.68865
6.13156
6.5373
6.03134
8.99278
9.57613
6.74739
4.87411
4.64411
6.21051
6.4241
6.38645
4.74661
6.73273
4.67333
6.98541
6.68778
5.37678
5.16361
4.9348
7.36609
7.00687
6.3238
5.61484
6.99195
6.53223
5.47987
4.73841
4.85398
5.6673
5.44311
7.03455
5.61928
6.49158
4.87171
5.47364
7.10443
5.57047
4.2395
5.78953
6.69053
3.95316
5.57905
7.68026
6.2307
4.87782
5.19374
5.84577
7.43178
6.15005
6.54009
6.8122
7.26735
3.52774
4.6522
5.54304
5.93907
6.56128
5.64489
5.52504
6.21433
5.00803
6.91782
7.09002
4.64818
6.45072
6.86481
4.36133
5.71303
8.309
4.5388
7.42674
2.87444
6.645
5.98
6.38609
5.86787
5.49584
5.90718
5.02609
5.19712
6.30082
6.76641
6.34656
6.07714
8.54103
7.50829
5.3956
7.63566
7.70493
7.71025
5.42289
4.54569
6.90767
6.8739
8.72531
5.88888
4.37384
6.22326
7.75166
4.78934
6.99497
6.66812
6.93453
5.91611
7.06352
5.30622
6.25449
6.96304
6.46625
6.24118
4.14388
6.96806
3.34185
4.63595
6.35483
3.59178
4.25584
6.81612
4.17583
5.16312
7.82318
4.78087
4.84224
6.91312
5.20872
7.29631
5.45695
5.1236
5.63446
7.27986
4.49585
6.49192
6.06099
5.99028
6.605
6.32795
4.60812
4.48502
4.99327
5.51055
5.80892
6.58523
6.5065
6.81202
4.29254
8.02278
5.38976
6.38389
4.92625
7.10593
6.44346
4.54144
5.80187
4.32837
6.57143
5.2258
8.05232
6.71841
5.6009
7.02707
5.32201
5.64141
5.62294
5.91738
5.17586
4.79286
7.03864
7.75199
6.37214
5.33276
5.36963
5.99254
7.5026
4.11051
5.11281
8.44186
8.63685
4.58277
5.54292
6.09675
6.4781
5.58253
7.40948
5.98976
6.12343
5.10253
6.01192
5.10658
7.0333
5.37659
6.73395
6.36754
5.56447
6.24089
6.26098
5.8472
6.17216
3.81517
7.30453
6.41346
5.53549
7.52371
5.3754
5.2784
6.07778
3.99623
7.17322
7.00835
5.79941
5.75911
7.58706
6.26487
3.89372
7.36024
6.06404
6.94074
5.78893
5.15047
3.74926
6.4223
6.03924
7.25977
2.81804
6.40598
6.13589
7.08654
5.30032
7.68977
5.44521
6.34278
5.54801
5.85579
6.16187
4.12001
4.92729
5.7207
5.65698
6.1609
5.77082
6.70064
3.34588
6.7448
5.83858
5.84245
7.74459
7.34432
4.80664
5.43297
7.66759
4.5786
5.38093
5.77228
7.46175
8.08335
5.61908
5.14179
6.0764
5.44721
6.49614
7.93291
4.00116
6.8572
4.569
6.96809
4.5824
6.86963
6.42338
4.71977
4.49065
4.97008
5.0363
6.54837
5.09873
6.12187
6.82867
5.60047
6.36854
4.66388
4.82307
5.94185
3.23121
3.59621
3.75481
7.91319
6.21873
5.47551
5.12041
7.12697
6.55239
6.06697
6.58263
5.82068
5.47599
7.31288
3.88483
6.26161
4.98341
5.7667
6.40629
5.97216
5.56164
4.4887
5.0899
5.38499
4.79948
4.97818
8.63981
5.14776
3.55654
6.35597
5.68155
6.81477
8.2138
7.34098
4.70406
5.45444
4.42775
7.09451
4.9536
5.43675
5.63445
5.94808
5.81618
7.41521
5.27681
4.87191
6.88945
6.28409
6.85935
5.48161
4.75243
6.52274
4.9796
5.95008
8.11977
5.19466
5.90678
4.81861
4.0738
7.25966
6.65571
7.28105
6.97816
5.01531
6.07365
6.62751
2.94003
7.40817
5.62593
6.25365
5.59093
5.99321
3.99857
4.50043
4.31483
7.84044
3.8753
5.48596
6.30831
5.40076
6.13659
5.16974
5.6022
3.9129
4.26942
7.45905
4.99569
6.17096
5.33342
4.76742
6.19058
5.25097
5.76331
6.56967
5.79388
7.21371
7.36218
5.19171
4.78796
7.13416
4.25561
4.05282
5.98068
5.58532
5.34225
7.7048
5.63484
6.6258
6.3245
7.9698
6.13252
7.75436
4.14953
7.1601
4.59725
5.68683
8.1333
5.76319
6.17902
5.22316
4.27355
5.96469
8.36948
7.00302
5.46489
6.21108
6.30661
5.57927
5.42367
5.00398
5.19399
7.2189
6.68636
5.96435
5.77241
4.02632
8.01539
4.74952
5.8743
5.6085
6.53138
6.95203
6.61992
4.32956
3.38076
3.97245
5.69009
6.93671
5.85199
2.12497
4.14194
3.38811
6.84574
4.68603
5.81724
5.11669
4.80801
5.31323
3.17784
5.80047
5.40432
6.41364
6.82998
7.07744
5.44662
7.3143
8.44063
6.03635
5.42883
5.19165
7.65435
6.81788
7.54679
5.60711
4.63693
6.42969
4.19344
4.56585
6.12851
6.52137
3.93935
4.8751
7.37083
5.65006
8.06736
6.12557
5.77566
5.66263
5.54023
8.4899
6.3948
5.81208
5.4047
4.89367
6.16567
7.75475
4.01565
4.86622
5.76062
4.6948
7.41661
5.5822
6.39052
4.54882
5.86118
4.77779
4.76256
4.99382
5.78523
6.27059
5.7618
5.52204
6.96282
5.9907
6.55605
4.51009
5.37721
6.28287
7.26918
5.21086
5.16732
4.51373
5.46307
6.55511
5.89772
4.83838
5.07249
5.56492
5.65893
7.67936
5.77188
8.58045
6.27167
4.30565
5.2604
6.18932
5.8208
5.19028
4.31132
8.79486
5.33431
6.77144
5.33294
5.275
2.95638
4.80268
7.13594
3.40825
7.152
6.21421
5.92764
6.46143
6.71969
6.77021
6.18753
5.08371
7.47897
8.13689
5.14185
5.89365
5.54551
4.47874
8.1661
4.88024
7.78301
4.93107
8.75108
3.50065
5.13996
7.0871
5.20198
8.49348
4.75359
5.92215
6.48828
7.28246
8.29183
5.97704
6.3293
7.72895
5.06908
7.61677
6.54532
7.31029
4.39028
6.05867
5.51097
5.41052
5.28608
4.20793
4.08295
5.19542
5.12231
7.07018
4.23311
5.38112
3.40276
4.43505
7.32779
6.52485
7.61365
6.17661
5.20955
6.05964
5.78596
7.32763
5.08066
7.04898
6.03489
7.23435
5.58385
5.13841
7.65192
6.49325
6.42804
5.58575
6.70831
8.42164
5.57521
6.31298
6.7602
5.58171
6.57804
7.72223
7.84032
7.66484
3.75535
4.1434
7.39819
4.79019
8.38525
6.26877
6.58678
6.05824
6.07126
6.33883
4.60037
6.05057
6.46789
4.6163
6.43548
5.99516
5.82947
7.15202
5.47637
5.61386
5.78614
5.72797
6.60212
4.78953
6.95119
5.18175
6.51163
4.07991
7.9715
4.94804
5.87554
5.34634
6.34497
3.09279
6.57268
5.42355
6.93344
4.33997
5.17857
5.63958
3.8428
6.41511
5.11308
5.01268
6.18967
7.24947
4.8203
4.20715
3.54277
8.82266
4.057
5.11521
7.68483
5.25181
7.25944
5.36691
7.39099
7.39903
5.33369
4.22407
5.30186
6.22731
4.64926
6.40524
5.7787
4.66427
6.80364
6.86493
5.38188
6.36454
6.88289
6.47875
6.4173
3.94873
6.12417
8.02692
4.68126
7.58596
3.56366
5.76552
5.03206
5.45846
4.14443
6.4129
4.90511
5.53511
8.28352
8.34497
6.63891
7.21526
6.95459
6.00806
7.3516
6.28269
5.88539
6.57277
5.47776
5.70077
7.07792
4.9607
5.8979
4.52071
5.32164
6.39813
5.0234
5.90148
5.69537
4.95101
8.36218
7.32687
5.2308
3.6998
6.9987
4.16326
6.66254
8.14538
6.55035
7.13176
6.14346
5.93643
6.19526
7.04481
4.41131
6.1123
4.66529
7.18223
5.20232
6.48203
3.30316
5.70124
3.49555
6.3911
5.72273
5.32241
6.14517
4.68187
6.58733
5.72126
3.78292
6.2496
5.96656
7.40486
4.68678
7.50113
4.07077
6.7736
5.76638
5.5566
5.69711
4.79948
6.57195
5.8679
6.55875
6.46387
5.30041
7.42801
7.48271
4.84196
7.07199
4.9359
6.05548
4.59678
6.05056
6.6213
5.71218
5.84303
6.40849
6.21051
4.02584
3.06372
6.83021
7.41909
6.66785
5.56797
4.97886
5.62708
4.56858
6.92689
6.19018
7.39366
4.90298
6.76197
4.94081
4.78213
6.2171
5.26824
7.02177
4.48182
4.57865
5.90647
6.63299
6.7087
5.46377
5.60699
3.97857
5.49472
7.50315
5.92609
6.43005
5.65879
5.94198
6.64388
7.28232
5.01902
7.39234
4.26711
6.14901
5.06971
5.25359
6.67721
5.90312
5.41873
5.90886
7.46101
5.40244
6.55934
7.38325
5.19373
5.81212
4.21655
6.93354
5.0646
4.20493
4.11739
7.1849
7.31476
5.31019
5.05045
6.48513
5.72349
4.92154
5.91969
6.37386
5.15436
4.68365
6.04152
5.51702
6.00564
5.64532
5.67076
6.68439
6.11092
5.40792
6.36986
5.38528
5.90279
6.25492
6.78216
5.43027
5.84746
4.63545
4.59046
6.50775
6.03856
7.57767
5.96506
7.33973
6.60096
6.34374
7.20047
8.49723
3.34013
6.87742
5.09294
5.32879
5.09737
3.522
4.94893
4.94761
7.02244
5.86689
3.88932
6.352
5.95977
5.37577
5.72091
6.70467
7.07118
4.5136
7.02565
5.47616
6.56142
7.72977
5.97893
6.60696
8.70852
7.28672
6.34176
7.69409
5.52518
3.41323
5.75447
4.55858
6.99327
6.73751
5.65421
6.98826
7.70536
4.84908
5.47554
6.47738
6.00796
3.94726
5.82904
4.68247
5.07578
4.00917
7.65592
4.07785
6.58305
3.81151
4.40694
5.63016
6.94838
5.57453
6.98242
5.36587
5.27587
4.315
7.95929
6.00381
4.89142
6.03045
6.58947
5.49356
5.75238
7.65068
7.2829
5.70795
4.88188
6.16207
6.9359
7.00037
5.12892
5.25083
6.31006
7.75039
5.55081
7.88829
6.37031
7.29513
5.59351
7.43058
5.25772
7.02934
5.20608
6.54664
6.22496
5.94708
6.5637
7.69372
4.87701
8.26357
4.9651
7.27069
6.49469
5.517
7.05253
5.52858
3.1458
6.01256
7.16495
5.68845
5.96707
8.77099
2.66368
5.56373
7.05236
5.30764
4.72403
4.69685
5.53966
4.64219
3.03592
7.25853
5.35447
5.11266
7.10326
6.45213
8.35024
6.19798
5.74708
5.06182
3.80761
5.06121
6.85331
6.73474
4.41264
4.83222
7.1347
7.7707
5.26325
4.41128
8.00075
5.18839
8.33569
7.52455
6.88891
5.66885
7.24076
6.67306
6.86321
5.84086
7.68652
4.25384
5.56008
5.15244
4.50149
7.56315
4.24921
5.66136
5.236
5.16442
8.06857
6.42274
7.3735
6.17981
6.19075
5.68669
8.32555
6.51927
5.53573
4.85447
5.73168
6.4213
6.45276
5.43487
4.60113
6.27311
4.97078
6.15848
6.96661
7.07925
7.61867
7.70304
6.83335
5.78864
6.74145
6.89366
6.36418
6.47489
4.81961
5.99494
4.34835
8.09015
6.30267
4.77129
3.86483
5.55686
6.2024
7.18611
5.10506
4.92032
7.96979
3.556
6.52843
6.42367
5.61741
7.15479
5.87908
8.16826
6.09019
7.01726
9.13946
5.11261
5.96651
7.48511
5.34065
8.09293
4.11613
4.72409
5.13834
3.82353
4.94158
5.96477
5.02917
6.70245
3.98168
5.40116
5.46339
5.14054
5.31935
5.61665
4.0145
7.72656
4.3559
4.85479
5.75828
6.70513
5.37249
5.85912
4.71969
6.24505
6.65153
5.90861
4.96016
6.22274
5.80948
7.87126
7.49698
6.98386
5.49001
6.40839
6.94238
5.54669
5.98361
6.37662
5.71892
6.75864
4.77915
3.35307
6.43602
6.40316
6.22305
5.76913
6.50443
8.02787
7.12091
6.2543
6.91523
5.19993
5.62322
5.7466
6.94358
4.25853
5.75599
7.66656
4.168
6.57592
5.69293
5.92815
2.95877
6.62839
7.04806
6.37468
5.63974
7.23178
7.15078
4.41356
5.27193
5.84527
3.66116
5.35144
7.00047
7.58962
5.68546
6.46046
6.10795
4.41883
6.86963
3.41569
5.27095
4.86071
4.59618
5.9168
5.44403
5.1797
7.5335
6.74541
6.11736
7.30127
5.98311
7.25976
5.77497
5.52485
5.28406
6.40947
6.21648
6.60491
5.5849
6.862
5.0609
6.88784
5.06617
6.27333
5.34816
4.90357
5.50182
4.25799
6.19731
7.03497
5.2488
7.30465
7.94287
6.44281
6.87181
6.88398
4.68357
4.47119
6.30106
5.44253
7.24736
2.77888
6.28289
3.52971
5.09324
5.95761
7.80679
5.5144
5.99289
4.86621
6.31461
6.13157
9.31535
8.54692
6.6991
6.575
6.18656
4.96691
6.60008
5.79865
5.92197
7.01243
7.22485
4.95918
7.49926
7.22832
5.34679
5.72349
5.03625
5.97551
7.5413
8.16677
4.63324
4.51612
8.12954
4.81474
3.26945
7.07785
5.33538
6.72857
4.50411
3.53582
6.69138
9.00049
8.17446
6.3466
8.71147
3.4167
5.61912
5.48234
8.48489
8.58814
4.93862
5.15046
5.31433
5.82791
7.40358
8.0659
8.1735
4.63613
6.03709
8.25719
4.92916
6.8836
5.30383
4.0938
6.07241
5.44517
8.7126
6.30321
6.8884
6.21785
4.92634
3.18946
5.08984
5.32483
6.12449
5.47846
6.96449
5.38438
3.09548
6.19245
7.8605
8.52443
7.43146
6.53903
5.90006
5.06233
4.90068
6.64089
3.78256
6.20116
6.83639
5.06942
6.76647
6.64552
5.61887
5.02771
7.56234
4.97534
7.08166
5.00454
6.15618
5.72534
6.399
6.42484
5.65935
6.42684
4.70293
3.15792
4.69416
5.77035
6.55576
5.06868
4.00042
8.00637
7.69322
6.65634
7.27402
6.81293
7.85644
7.27399
3.36443
6.78663
4.26554
6.36944
5.92272
5.55629
7.38074
3.89966
4.56406
6.54793
4.94299
5.60549
7.33345
6.49782
5.43003
6.64833
5.87148
7.70303
6.54244
5.48015
8.72561
4.67577
5.5923
6.17835
6.58087
5.39757
5.25003
6.01351
4.53943
5.58108
6.43668
3.73475
5.48791
3.9158
7.32641
9.55109
6.84927
4.38067
5.96358
5.63337
5.42069
8.67893
5.03121
8.03053
4.7852
5.17546
5.90148
3.59878
5.34857
4.86415
6.84395
5.69884
6.5162
3.24728
6.53114
5.86986
6.47088
5.25063
7.66796
8.01175
6.66715
6.94791
8.09741
6.27985
6.84143
5.74454
5.57164
4.8541
5.20837
6.1767
5.18243
4.67985
6.90425
5.2499
6.00673
5.90401
6.05001
3.75755
5.48355
5.7884
7.66375
6.46483
7.25213
6.38122
7.4109
6.09079
5.74587
5.36671
3.4155
5.76403
5.84056
5.82436
3.85899
4.84214
4.56457
3.93628
6.80171
4.80531
4.667
6.10934
6.80207
5.04234
6.41475
5.79475
5.79793
5.8366
5.68549
5.87769
6.79032
3.24568
6.30343
4.65476
5.39562
6.93689
3.83617
6.67365
7.70961
3.31152
5.45476
4.35306
6.94347
5.12793
6.60757
7.03656
6.1838
5.06264
5.61786
5.5782
4.72985
6.29313
5.52025
7.34081
7.05036
7.48719
5.95571
7.87816
6.83357
4.38453
5.88668
7.13704
7.62285
6.84345
5.05384
6.96359
5.78386
6.90654
6.41772
4.86638
4.9054
5.3094
5.63353
4.31519
8.00491
4.48281
5.74553
7.77712
5.93221
3.59636
5.388
6.5735
6.25908
5.11042
4.98013
7.67612
5.04052
3.84076
6.99231
5.37568
6.77553
4.83737
6.84846
5.74133
4.48717
5.94139
4.83913
7.00984
5.15912
5.84094
6.29748
7.41581
7.57646
7.09373
6.55129
5.20021
6.58404
5.01883
7.73495
6.7487
7.27418
6.89907
3.15772
4.78156
7.50905
6.66055
6.44145
4.62601
6.88325
4.99943
5.8961
6.22993
5.98073
4.85523
7.45532
5.21105
5.55272
6.39141
5.91043
9.43744
6.18589
5.55971
4.34398
4.10524
4.56901
6.46882
4.83466
5.45688
7.87456
7.15337
8.23463
3.49918
4.96517
6.05216
6.95792
6.67533
5.92331
5.52696
6.82243
5.50255
7.03416
7.06164
5.86532
4.66932
5.85292
4.68893
6.92031
5.75752
6.93011
7.68912
7.07489
6.19328
6.53372
5.68649
5.82251
4.14052
7.31775
5.43355
6.01065
7.71007
5.18017
4.39789
5.22804
6.04778
5.671
7.58125
5.4406
5.9351
5.51703
7.67404
6.68206
3.00075
6.52156
6.79408
6.55346
7.12214
5.45615
6.94264
4.5127
4.24566
6.25301
3.88135
4.53862
4.80419
3.15524
6.5541
8.13423
4.58393
5.36874
6.46665
5.49081
8.12806
5.89035
7.16591
5.40154
5.4147
6.71963
5.67715
7.40183
7.57888
4.12456
6.69829
8.25251
5.20486
6.15281
6.30798
5.39559
8.04398
6.95953
6.77978
6.30841
8.33648
4.92784
4.75081
6.71536
6.91314
7.30917
4.23163
7.57042
6.08329
4.14931
6.76096
6.34378
3.35233
5.78519
6.49954
5.3846
6.30283
6.34989
6.51467
6.2162
6.11215
5.4386
6.96392
5.82759
5.8852
6.29285
5.22199
5.33912
5.38623
4.27021
6.25096
7.61889
4.14975
6.43495
7.01045
4.93096
7.03182
7.12031
5.61793
7.3002
5.09883
6.83028
6.56709
6.04641
5.11501
7.58632
7.31986
6.73629
5.8378
6.06356
6.22336
5.7804
7.90757
6.38179
7.4149
5.83466
6.45929
5.7703
6.15494
5.94389
8.29778
5.73621
8.59945
6.14855
4.89439
6.03252
6.52842
4.82326
5.84816
6.63754
6.54772
5.24772
3.88364
7.57291
7.42453
5.86152
6.37583
7.07984
8.57901
7.20015
7.45125
7.51588
7.19797
8.25304
6.02206
4.99087
5.69319
5.88495
5.36316
3.97084
6.74875
4.49813
5.592
6.80424
6.68657
4.88194
6.72706
7.15492
7.76668
6.57671
7.25603
5.41446
5.21795
6.60481
7.80361
5.70549
5.09813
7.32771
5.74693
7.46342
8.45512
6.91154
7.21863
4.88436
4.11158
6.41733
7.02612
7.24879
5.78391
5.40018
3.81093
4.26274
7.2846
8.10735
7.37254
6.19244
5.73806
4.71995
5.82821
6.28505
5.29093
7.1931
6.34688
5.07914
5.80825
5.64724
6.27057
5.20872
5.45077
6.93175
5.82533
5.68108
7.88989
6.28317
6.92906
