0.0146341
0.405369
0.883352
0.923735
0.268072
0.084861
0.384621
0.754997
0.438716
0.407206
0.41467
0.159415
0.350345
0.72513
0.678231
0.995453
0.183459
0.498644
0.622326
0.698682
0.790615
0.172051
0.86453
0.252674
0.90461
0.101208
0.906095
0.90941
0.0856279
0.617866
0.704271
0.961141
0.556854
0.44247
0.622418
0.900914
0.84735
0.611872
0.326439
0.204037
0.276285
0.0159881
0.228008
0.481297
0.114901
0.608334
0.503465
0.0466801
0.131548
0.983487
0.163906
0.868811
0.650661
0.198205
0.728944
0.252002
0.35894
0.373684
0.503869
0.809852
0.224654
0.168954
0.858168
0.945174
0.539534
0.822715
0.189054
0.577966
0.668039
0.226704
0.978724
0.437714
0.166526
0.65116
0.611134
0.656984
0.0807121
0.779434
0.989944
0.71428
0.939142
0.361136
0.414835
0.62302
0.198787
0.431929
0.406303
0.23022
0.378577
0.693657
0.690148
0.22036
0.90988
0.446305
0.921722
0.991475
0.675647
0.766802
0.101357
0.980371
0.22749
0.599469
0.821592
0.626761
0.253892
0.547709
0.984006
0.245365
0.26288
0.159393
0.829262
0.813003
0.429657
0.389841
0.491703
0.553199
0.07209
0.275383
0.788015
0.928473
0.189752
0.395439
0.454205
0.36932
0.588593
0.7897
0.630803
0.711315
0.981259
0.15649
0.48402
0.86782
0.426739
0.993205
0.18834
0.0564486
0.530921
0.874924
0.79561
0.623284
0.118968
0.405728
0.805508
0.700314
0.157361
0.634794
0.955772
0.576331
0.966781
0.746408
0.778654
0.0178892
0.232916
0.0733437
0.568154
0.571931
0.0113966
0.136075
0.796992
0.758843
0.206829
0.10207
0.419857
0.60384
0.233791
0.253469
0.400123
0.023108
0.407682
0.632845
0.895126
0.278359
0.461609
0.716836
0.89907
0.608988
0.391377
0.0794443
0.2891
0.268026
0.41229
0.112619
0.812205
0.0905605
0.591509
0.407209
0.654459
0.435256
0.829165
0.647451
0.335329
0.194081
0.587169
0.619472
0.404262
0.932902
0.594795
0.274651
0.463557
0.21064
0.918597
0.937578
0.580756
0.116192
0.0714585
0.817413
0.701008
0.585573
0.647548
0.484663
0.87653
0.378559
0.0244584
0.175185
0.924431
0.879971
0.0298138
0.364669
0.723387
0.102962
0.890645
0.202531
0.884955
0.0927615
0.867867
0.851122
0.717815
0.480783
0.656634
0.469402
0.280122
0.856101
0.766528
0.260437
0.0777656
0.742649
0.319812
0.153554
0.306008
0.728104
0.751467
0.61959
0.141651
0.895633
0.577739
0.0333898
0.743304
0.747826
0.340027
0.775414
0.393834
0.116709
0.1773
0.0755358
0.934949
0.750569
0.0895733
0.224004
0.438634
0.420664
0.427583
0.490279
0.398076
0.0270991
0.0255855
0.595708
0.133495
0.788499
0.935324
0.0392522
0.330078
0.26183
0.823528
0.838174
0.258149
0.14883
0.599784
0.0116383
0.561766
0.66371
0.673984
0.954773
0.336596
0.707855
0.128124
0.278076
0.821731
0.447
0.506155
0.147257
0.126771
0.387102
0.828761
0.527841
0.9351
0.786678
0.0900917
0.967924
0.100738
0.44326
0.243977
0.331037
0.461237
0.619874
0.449694
0.910769
0.621984
0.703305
0.0931554
0.985219
0.27209
0.53042
0.526246
0.373671
0.502837
0.850592
0.579437
0.687459
0.709194
0.37337
0.383337
0.770091
0.657414
0.522278
0.185562
0.464347
0.127149
0.148216
0.320428
0.814484
0.491905
0.735921
0.685965
0.355849
0.185518
0.677174
0.864698
0.101734
0.089639
0.871411
0.728133
0.568357
0.373978
0.771826
0.0449803
0.0309346
0.983939
0.83903
0.549985
0.681709
0.937752
0.616574
0.397902
0.486081
0.997868
0.93915
0.734438
0.747727
0.138911
0.866829
0.494127
0.120823
0.531479
0.856036
0.895288
0.426132
0.801223
0.157471
0.919045
0.264579
0.728776
0.156262
0.919209
0.720403
0.457517
0.554022
0.699897
0.891657
0.0106759
0.381017
0.659542
0.435454
0.937165
0.204423
0.31662
0.591676
0.331341
0.278881
0.843792
0.384713
0.0822389
0.414876
0.215443
0.0611168
0.988659
0.279143
0.214068
0.176166
0.941064
0.688435
0.632795
0.545569
0.0627757
0.847798
0.427593
0.524019
0.822206
0.0960794
0.524161
0.994633
0.457122
0.883994
0.235717
0.946941
0.268026
0.664489
0.965319
0.813802
0.952881
0.192413
0.345803
0.811891
0.295706
0.741871
0.805337
0.121717
0.797743
0.186979
0.43759
0.346261
0.96484
0.857858
0.285205
0.438038
0.407274
0.709243
0.652016
0.915429
0.0923208
0.701619
0.622881
0.61811
0.759125
0.386799
0.791787
0.431343
0.0993888
0.513403
0.868217
0.866073
0.536201
0.643632
0.529567
0.0124431
0.587966
0.215065
0.680191
0.638454
0.629082
0.266715
0.19389
0.309357
0.951779
0.448776
0.192635
0.693085
0.094565
0.593601
0.0228901
0.204799
0.55078
0.123915
0.317987
0.284934
0.560795
0.975778
0.572779
0.0514434
0.436574
0.760731
0.589965
0.416689
0.59475
0.20789
0.510945
0.174247
0.524233
0.445262
0.440661
0.616804
0.527565
0.301682
0.913942
0.575333
0.759372
0.183256
0.748342
0.12014
0.459275
0.766652
0.663415
0.0893066
0.556756
0.109796
0.190184
0.889608
0.830493
0.299751
0.829263
0.97909
0.619243
0.903877
0.596579
0.735041
0.297425
0.92467
0.935981
0.98208
0.467836
0.776575
0.70558
0.864158
0.901917
0.370467
0.718501
0.608123
0.753424
0.985197
0.0462674
0.368746
0.626044
0.212288
0.324339
0.0591743
0.546731
0.757645
0.466309
0.160194
0.930685
0.450235
0.437861
0.449331
0.322664
0.376235
0.990055
0.0278635
0.71217
0.0401476
0.138308
0.546399
0.513076
0.21398
0.539157
0.841725
0.698209
0.535965
0.96169
0.316853
0.731344
0.242824
0.320655
0.228096
0.850058
0.0850521
0.796031
0.89198
0.528728
0.919435
0.807425
0.210414
0.163867
0.476825
0.413041
0.426318
0.203454
0.602944
0.112498
0.081637
0.873348
0.0808436
0.893345
0.695561
0.30171
0.101417
0.0141127
0.668381
0.031096
0.612826
0.21787
0.450009
0.0484588
0.45147
0.669266
0.364242
0.405787
0.0989792
0.418007
0.430342
0.985303
0.968158
0.397356
0.546866
0.819048
0.588399
0.757445
0.316017
0.91608
0.544399
0.325069
0.0281229
0.21656
0.0577915
0.809039
0.125854
0.230152
0.388364
0.560875
0.239105
0.372156
0.273897
0.774714
0.144398
0.680828
0.35105
0.174179
0.9202
0.321549
0.463339
0.572252
0.843362
0.608942
0.270917
0.416811
0.415325
0.827609
0.919905
0.622587
0.471163
0.0922146
0.169148
0.0859609
0.0857629
0.297301
0.210327
0.517328
0.119231
0.921152
0.674521
0.317365
0.39605
0.279347
0.291105
0.322746
0.0222052
0.34384
0.481621
0.830189
0.781091
0.501875
0.540094
0.119397
0.404475
0.337125
0.929736
0.651377
0.915557
0.886951
0.560414
0.365382
0.0227614
0.614517
0.323371
0.393987
0.837386
0.0119869
0.880741
0.188387
0.813397
0.778677
0.667365
0.74023
0.447405
0.334631
0.959346
0.0754802
0.50856
0.485836
0.177004
0.379352
0.47667
0.975332
0.386258
0.754398
0.314227
0.90679
0.864496
0.706117
0.211161
0.630179
0.328743
0.0587367
0.958006
0.680876
0.498386
0.381494
0.139444
0.160843
0.553304
0.869764
0.298368
0.785126
0.484765
0.400017
0.372667
0.488271
0.933576
0.946952
0.798322
0.631439
0.651906
0.571436
0.880966
0.462314
0.342835
0.881247
0.069257
0.391425
0.692911
0.184954
0.691594
0.163823
0.081948
0.093379
0.865395
0.983871
0.0145282
0.232
0.950002
0.875043
0.131245
0.755913
0.0901534
0.8569
0.259308
0.617544
0.263469
0.0889085
0.280066
0.355792
0.0326218
0.461876
0.0518406
0.417114
0.821555
0.420049
0.793133
0.591606
0.0100311
0.414846
0.835734
0.500448
0.0986569
0.35912
0.371371
0.0835461
0.661738
0.494513
0.332691
0.363732
0.812283
0.282411
0.386807
0.240957
0.77255
0.939685
0.897054
0.21302
0.888001
0.606719
0.021871
0.638687
0.104638
0.687823
0.0445356
0.915286
0.230285
0.45824
0.249608
0.18603
0.344798
0.717141
0.70524
0.51732
0.571497
0.181636
0.818815
0.700438
0.29946
0.119073
0.718445
0.737004
0.637141
0.722361
0.963496
0.739821
0.687674
0.411265
0.27801
0.0554224
0.615867
0.0317966
0.086125
0.515534
0.671933
0.265629
0.756597
0.092148
0.386817
0.687455
0.804236
0.468901
0.153295
0.0288717
0.612007
0.508579
0.824353
0.510835
0.226653
0.198273
0.226488
0.837774
0.361773
0.966126
0.446124
0.206341
0.55343
0.0831267
0.797006
0.851041
0.183358
0.266047
0.855776
0.421579
0.195499
0.248392
0.402684
0.740857
0.486262
0.357783
0.805588
0.769818
0.850417
0.582576
0.686453
0.168879
0.544734
0.230466
0.742731
0.224761
0.293791
0.334709
0.578755
0.875586
0.92185
0.342985
0.576379
0.568783
0.429145
0.0501577
0.621872
0.852199
0.866034
0.233578
0.653256
0.0653829
0.343256
0.86774
0.548098
0.972116
0.310057
0.477979
0.603876
0.148994
0.386724
0.605886
0.496575
0.546442
0.0998922
0.0946621
0.032237
0.120918
0.316783
0.202508
0.0901127
0.960569
0.391354
0.413615
0.117561
0.45658
0.935356
0.491038
0.358723
0.482742
0.0505412
0.0108829
0.850487
0.280776
0.842405
0.0970048
0.920482
0.918391
0.0685515
0.858229
0.147071
0.196476
0.883423
0.840229
0.841132
0.343945
0.41507
0.647986
0.240433
0.868873
0.307251
0.570208
0.870799
0.0393851
0.550735
0.599119
0.763887
0.921302
0.280053
0.465345
0.357662
0.500874
0.68944
0.313565
0.61873
0.239592
0.277732
0.672849
0.332542
0.550345
0.303002
0.386572
0.714688
0.0289053
0.289433
0.86959
0.679529
0.17976
0.780965
0.556317
0.259579
0.610192
0.141542
0.749384
0.519616
0.536489
0.861624
0.617321
0.943601
0.226612
0.97611
0.429365
0.233814
0.706819
0.146554
0.353655
0.0976418
0.510893
0.162865
0.989241
0.401494
0.64533
0.438075
0.226312
0.774516
0.48585
0.160434
0.985711
0.202446
0.878958
0.0977445
0.436206
0.529529
0.0115309
0.394116
0.412865
0.354147
0.373433
0.296276
0.921647
0.535768
0.454697
0.960276
0.740029
0.36632
0.513717
0.979592
0.720401
0.615643
0.194708
0.171015
0.503491
0.773066
0.47304
0.687681
0.299526
0.137939
0.374533
0.683641
0.596201
0.629359
0.330435
0.0260888
0.502427
0.90655
0.969815
0.47363
0.157541
0.270232
0.0835135
0.859112
0.29739
0.851949
0.765444
0.987901
0.0869668
0.796051
0.350836
0.423529
0.210526
0.431364
0.125827
0.598726
0.37993
0.467907
0.226413
0.662183
0.511307
0.254698
0.89606
0.301372
0.551269
0.647985
0.879244
0.590811
0.921091
0.909898
0.597392
0.905818
0.93459
0.243524
0.922999
0.739317
0.895964
0.121487
0.0238648
0.55275
0.888736
0.85275
0.783543
0.247715
0.711712
0.530763
0.950466
0.839245
0.409948
0.110632
0.281487
0.950873
0.872135
0.0953746
0.919083
0.918292
0.94371
0.69202
0.325453
0.51866
0.783244
0.815512
0.866976
0.277192
0.419947
0.394101
0.703001
0.161856
0.351305
0.368221
0.945124
0.361387
0.0246269
0.264833
0.991185
0.153238
0.062346
0.574505
0.150882
0.368696
0.742807
0.222682
0.0472505
0.428783
0.502272
0.368396
0.769664
0.817772
0.744216
0.736496
0.623321
0.188793
0.0652114
0.650346
0.223533
0.518293
0.894631
0.384944
0.108079
0.486212
0.414561
0.450126
0.605037
0.772574
0.495124
0.0423458
0.812871
0.105054
0.0637716
0.774719
0.9476
0.92717
0.553859
0.0751572
0.36214
0.820308
0.0474081
0.161795
0.340408
0.793282
0.716515
0.300657
0.445785
0.290651
0.474534
0.993918
0.581522
0.30397
0.420434
0.457999
0.752725
0.854789
0.873055
0.684361
0.927189
0.622181
0.871784
0.147939
0.275331
0.280947
0.902066
0.388938
0.434037
0.828622
0.25004
0.552474
0.516789
0.83124
0.223429
0.596486
0.820863
0.828661
0.265089
0.377337
0.28768
0.27286
0.647983
0.953836
0.182913
0.0921545
0.967908
0.543623
0.222419
0.787202
0.686047
0.399745
0.791745
0.553525
0.0244083
0.503585
0.468609
0.625756
0.817565
0.4576
0.139873
0.821131
0.849977
0.738592
0.219603
0.148941
0.586292
0.353191
0.190993
0.451583
0.505659
0.054186
0.222012
0.029083
0.76001
0.177809
0.212834
0.405465
0.0855074
0.281422
0.681376
0.505255
0.372097
0.188091
0.950011
0.70187
0.680158
0.614051
0.898386
0.459344
0.672838
0.852116
0.0650904
0.233501
0.496333
0.0640335
0.280793
0.737807
0.764261
0.130568
0.642569
0.0653596
0.631713
0.79368
0.919947
0.387654
0.763946
0.349434
0.553359
0.677655
0.451603
0.720313
0.977302
0.132594
0.45501
0.475092
0.063641
0.42182
0.938423
0.070579
0.59644
0.214417
0.692718
0.0690076
0.801155
0.736924
0.414243
0.66356
0.136971
0.0858041
0.650668
0.0669474
0.429921
0.198506
0.689996
0.847681
0.627223
0.572171
0.241073
0.468908
0.963888
0.594295
0.365213
0.734421
0.168385
0.128439
0.143424
0.817276
0.802438
0.551687
0.192838
0.636922
0.440038
0.160853
0.969139
0.783632
0.380298
0.943601
0.646417
0.560906
0.733186
0.359456
0.050529
0.34132
0.457434
0.762246
0.839429
0.841653
0.774877
0.591164
0.610577
0.687574
0.563958
0.020822
0.792854
0.585892
0.215407
0.179332
0.252216
0.490653
0.847301
0.0911141
0.849041
0.482001
0.540968
0.849808
0.88387
0.851464
0.149147
0.709842
0.268918
0.393148
0.573693
0.679328
0.33612
0.310721
0.386061
0.984062
0.339579
0.0365867
0.740098
0.0947665
0.69534
0.15457
0.206394
0.756723
0.352928
0.862857
0.924908
0.925202
0.386234
0.457419
0.125799
0.411086
0.167568
0.980343
0.452977
0.704714
0.83138
0.402885
0.752122
0.578624
0.50192
0.096974
0.0236344
0.281701
0.118037
0.052353
0.786265
0.767291
0.505681
0.155596
0.451795
0.606428
0.605785
0.659222
0.505331
0.175146
0.425077
0.211274
0.981559
0.312556
0.779446
0.30947
0.759275
0.676176
0.832712
0.380592
0.292577
0.625515
0.455139
0.656723
0.347895
0.326235
0.0103706
0.463746
0.498725
0.0492291
0.729163
0.300302
0.814161
0.319126
0.774908
0.12488
0.463111
0.923866
0.165576
0.903674
0.149315
0.723412
0.491167
0.616442
0.480163
0.513022
0.780874
0.116091
0.149458
0.114145
0.415046
0.573425
0.629566
0.0599609
0.655017
0.436086
0.493581
0.369735
0.946478
0.774071
0.428972
0.696438
0.74764
0.0490804
0.410027
0.521832
0.475373
0.422211
0.773
0.418504
0.274713
0.189781
0.556601
0.819532
0.60406
0.731826
0.170335
0.0153421
0.815169
0.940086
0.908901
0.990611
0.690866
0.921821
0.815177
0.68772
0.827658
0.281549
0.977403
0.758983
0.863987
0.666879
0.834441
0.534689
0.642838
0.90882
0.744621
0.0469326
0.267735
0.746854
0.881598
0.611688
0.129912
0.113143
0.810202
0.514539
0.525908
0.59221
0.709782
0.518583
0.0626037
0.992027
0.708472
0.0129825
0.0201483
0.58841
0.430734
0.471602
0.71644
0.232537
0.179746
0.141402
0.982644
0.627394
0.449513
0.706132
0.0504438
0.673512
0.454079
0.566637
0.657729
0.964603
0.57968
0.7342
0.408947
0.0916314
0.346906
0.766984
0.739417
0.504381
0.839481
0.622021
0.642242
0.296757
0.820799
0.672509
0.37557
0.0794976
0.184087
0.624502
0.0542432
0.44234
0.875432
0.842609
0.89613
0.988857
0.0620712
0.0431939
0.349804
0.896303
0.706022
0.544708
0.0226162
0.758583
0.633794
0.17762
0.92403
0.444754
0.190167
0.430096
0.686557
0.765715
0.29488
0.926623
0.301181
0.211766
0.985644
0.89137
0.469177
0.199943
0.921335
0.213717
0.0852552
0.457383
0.137654
0.672324
0.167206
0.769859
0.455599
0.326139
0.259865
0.416421
0.364187
0.814377
0.338433
0.834708
0.208874
0.68125
0.91399
0.140772
0.264061
0.740327
0.532271
0.765573
0.317235
0.834806
0.48253
0.542199
0.75378
0.93665
0.658325
0.310166
0.297855
0.460779
0.644111
0.768312
0.574516
0.612789
0.718089
0.298126
0.175779
0.225673
0.72981
0.421219
0.656894
0.576445
0.292534
0.797696
0.156053
0.314895
0.348003
0.683838
0.145029
0.582257
0.265555
0.533641
0.713592
0.397206
0.951119
0.691273
0.930989
0.504026
0.0494375
0.306967
0.864365
0.218073
0.641911
0.944425
0.796265
0.578084
0.400666
0.470779
0.325092
0.580913
0.281991
0.494867
0.473696
0.704246
0.810976
0.219332
0.851094
0.360563
0.443527
0.494256
0.150774
0.909979
0.687121
0.889858
0.0621165
0.805576
0.586676
0.887548
0.123564
0.864846
0.487906
0.720731
0.571037
0.306851
0.839272
0.258345
0.336422
0.154315
0.316487
0.0670773
0.879398
0.964966
0.333678
0.0813741
0.0185171
0.286146
0.561514
0.327547
0.688469
0.945263
0.962591
0.725572
0.654025
0.379945
0.414299
0.524858
0.0111242
0.595097
0.502211
0.941942
0.0926145
0.668755
0.43258
0.744231
0.0748819
0.271405
0.733387
0.174272
0.297041
0.198447
0.752102
0.161603
0.153201
0.389889
0.748055
0.229714
0.520935
0.756789
0.60454
0.787471
0.099157
0.479479
0.170381
0.236467
0.958389
0.340453
0.620144
0.0373413
0.757692
0.089988
0.120333
0.972737
0.088418
0.329443
0.635384
0.157363
0.456767
0.279309
0.588962
0.176579
0.943842
0.026002
0.193625
0.228109
0.435204
0.8237
0.659069
0.732035
0.376548
0.174627
0.794987
0.28865
0.797057
0.491167
0.600232
0.406353
0.114208
0.920249
0.260427
0.0688603
0.684672
0.124064
0.0308407
0.782706
0.884833
0.0142347
0.931333
0.814029
0.504356
0.182205
0.793893
0.683105
0.0682668
0.123706
0.754462
0.178365
0.0314446
0.705363
0.148515
0.601088
0.177209
0.782832
0.406693
0.0720652
0.902933
0.76278
0.71196
0.756538
0.160123
0.0251503
0.773573
0.599225
0.146969
0.202423
0.329334
0.445637
0.102818
0.838541
0.96003
0.61946
0.715577
0.0943498
0.659008
0.498485
0.274874
0.310606
0.639598
0.645348
0.984252
0.720532
0.652881
0.121696
0.294618
0.713509
0.289113
0.593478
0.956731
0.418745
0.586061
0.0776776
0.11277
0.0998863
0.892525
0.934149
0.449126
0.131797
0.730647
0.0409783
0.339023
0.489539
0.600946
0.10043
0.861519
0.715361
0.609796
0.366708
0.514844
0.591958
0.646858
0.448264
0.490198
0.632158
0.402671
0.101735
0.431105
0.741192
0.614329
0.656029
0.978385
0.769402
0.598105
0.617178
0.372579
0.947279
0.0752671
0.313846
0.0539623
0.771288
0.496026
0.438103
0.653032
0.217156
0.645562
0.693967
0.0687011
0.321498
0.551581
0.148082
0.965684
0.39689
0.765871
0.842022
0.359495
0.455287
0.583137
0.348252
0.305131
0.683176
0.258874
0.210557
0.80083
0.202692
0.414237
0.197119
0.734442
0.587992
0.396972
0.248514
0.413346
0.507426
0.690411
0.276447
0.436022
0.993848
0.426017
0.589077
0.540636
0.74174
0.501979
0.970675
0.863994
0.715874
0.104822
0.149348
0.421303
0.130491
0.440529
0.20438
0.298757
0.44607
0.807558
0.588252
0.576452
0.471298
0.0964251
0.850409
0.447637
0.890834
0.783797
0.459832
0.867762
0.0822147
0.235304
0.0486524
0.957866
0.947578
0.666048
0.32765
0.203589
0.720329
0.37119
0.4257
0.122376
0.368277
0.902601
0.738381
0.162882
0.779599
0.621874
0.977301
0.240855
0.962125
0.850819
0.0710601
0.469324
0.517197
0.674493
0.209197
0.446809
0.977543
0.50072
0.354627
0.480198
0.231552
0.191057
0.96145
0.570027
0.689136
0.801706
0.139251
0.958616
0.189596
0.809361
0.739188
0.418842
0.608353
0.989135
0.567254
0.0672326
0.0254512
0.365783
0.618792
0.779173
0.922635
0.78329
0.932898
0.695424
0.732292
0.976672
0.381788
0.824095
0.301958
0.481949
0.207539
0.939207
0.538554
0.924619
0.0272526
0.142481
0.402404
0.400757
0.86874
0.38184
0.0606907
0.192886
0.136136
0.941939
0.676379
0.673256
0.212591
0.0221328
0.120205
0.158835
0.584518
0.162798
0.10132
0.0327343
0.549141
0.84665
0.44158
0.690051
0.882064
0.872625
0.364243
0.373136
0.638756
0.865958
0.0345876
0.608559
0.111792
0.800983
0.947979
0.943051
0.114754
0.183454
0.420258
0.817578
0.454686
0.721054
0.0994465
0.314009
0.574961
0.164056
0.725667
0.306979
0.862454
0.0944627
0.868993
0.942783
0.326761
0.0739657
0.71711
0.937595
0.716805
0.0588374
0.180707
0.174076
0.929678
0.549192
0.374828
0.640042
0.637936
0.782955
0.428262
0.418013
0.937488
0.0342081
0.913106
0.819249
0.877405
0.346652
0.0037349
0.501747
0.282365
0.655995
0.437852
0.985548
0.544267
0.588508
0.381346
0.442058
0.363281
0.732463
0.704205
0.0263413
0.770714
0.897585
0.982669
0.862283
0.496982
0.877772
0.586301
0.675839
0.169377
0.733448
0.436241
0.62332
0.259184
0.538796
0.655971
0.709901
0.126956
0.959005
0.0621254
0.320336
0.633685
0.623928
0.767575
0.769974
0.182324
0.0578886
0.269515
0.635914
0.914592
0.444169
0.672502
0.126932
0.806382
0.984306
0.245698
0.764073
0.621117
0.404512
0.426072
0.869906
0.503826
0.950933
0.607581
0.423414
0.0101232
0.259152
0.358281
0.994268
0.306016
0.353798
0.117879
0.705323
0.645563
0.156323
0.804808
0.518757
0.381025
0.476168
0.961292
0.231312
0.156892
0.972513
0.235983
0.664075
0.176429
0.788615
0.0999179
0.450959
0.520623
0.233827
0.401342
0.242606
0.85504
0.324058
0.192958
0.107059
0.265663
0.165005
0.285315
0.177866
0.770604
0.323067
0.215296
0.632603
0.445866
0.985571
0.223217
0.278339
0.509884
0.48583
0.833248
0.621242
0.641703
0.980283
0.592663
0.152936
0.618045
0.960057
0.105885
0.68588
0.389281
0.845182
0.340948
0.864533
0.854816
0.582701
0.722751
0.0997453
0.209886
0.346532
0.71869
0.997203
0.467425
0.306021
0.104758
0.342073
0.15453
0.862448
0.933801
0.261789
0.279621
0.0838451
0.0749834
0.446328
0.988127
0.307013
0.902582
0.327052
0.139977
0.20253
0.782374
0.303236
0.642678
0.184072
0.587358
0.609327
0.786727
0.489046
0.421361
0.639915
0.311301
0.455324
0.0484459
0.256836
0.601056
0.450826
0.778276
0.128485
0.696403
0.634754
0.356034
0.176598
0.880217
0.312693
0.848238
0.994426
0.647935
0.0347728
0.196192
0.950213
0.83252
0.0821143
0.371132
0.198488
0.620472
0.166287
0.265209
0.21203
0.0933168
0.765348
0.294706
0.117596
0.228242
0.971016
0.961893
0.154447
0.460698
0.1185
0.561222
0.287168
0.770461
0.360565
0.0869417
0.193621
0.752378
0.737253
0.0506657
0.835217
0.94294
0.501055
0.526678
0.385217
0.127959
0.176935
0.460799
0.593561
0.483666
0.135428
0.702357
0.101313
0.239592
0.605753
0.0971456
0.527523
0.266265
0.225343
0.399322
0.495945
0.763486
0.115887
0.216703
0.966534
0.178866
0.365759
0.651531
0.424898
0.800561
0.634527
0.0704438
0.988648
0.78829
0.635199
0.489515
0.635412
0.202544
0.719703
0.168658
0.37152
0.812603
0.334661
0.126918
0.992611
0.60559
0.0827287
0.394508
0.861967
0.35195
0.323243
0.575899
0.488649
0.462757
0.845399
0.415727
0.599886
0.823119
0.676153
0.777844
0.263933
0.157551
0.913897
0.661176
0.563383
0.220753
0.985427
0.0181141
0.114371
0.714699
0.567479
0.839943
0.939893
0.521771
0.417
0.0219152
0.803571
0.0388921
0.751685
0.312345
0.954747
0.0974146
0.697508
0.346568
0.107382
0.202228
0.745752
0.727401
0.237923
0.0108604
0.0632968
0.0993336
0.661844
0.179302
0.91286
0.215041
0.463621
0.384237
0.965065
0.22237
0.485994
0.256942
0.983214
0.352956
0.827202
0.647249
0.295498
0.553071
0.414577
0.305911
0.737285
0.543883
0.657935
0.684242
0.440294
0.218161
0.811978
0.271408
0.678829
0.650209
0.999662
0.11236
0.55411
0.787967
0.144085
0.880733
0.879838
0.473823
0.245012
0.881655
0.0566116
0.0766043
0.932218
0.860638
0.477475
0.120356
0.143871
0.412026
0.870954
0.950235
0.887529
0.712085
0.0175174
0.962957
0.390796
0.0575493
0.315455
0.571399
0.13972
0.971991
0.761497
0.40179
0.115121
0.948089
0.432394
0.280491
0.748835
0.230451
0.830821
0.0150084
0.724692
0.381253
0.830543
0.974189
0.82007
0.557219
0.0821433
0.0358784
0.679169
0.289106
0.980267
0.368814
0.244158
0.376843
0.24253
0.675445
0.226938
0.293076
0.689521
0.0859639
0.183426
0.23548
0.356602
0.131054
0.726721
0.959587
0.977964
0.396573
0.486545
0.747585
0.708926
0.1012
0.128112
0.495102
0.720881
0.48142
0.191613
0.315686
0.846234
0.125218
0.0852696
0.747268
0.961629
0.450579
0.106304
0.087287
0.0195014
0.170691
0.417457
0.645782
0.674949
0.600984
0.664917
0.874815
0.198257
0.822474
0.953926
0.0401171
0.125858
0.819085
0.268217
0.502165
0.202964
0.984145
0.538343
0.93518
0.389221
0.780741
0.974502
0.861392
0.125807
0.0967584
0.0465671
0.379229
0.564806
0.743782
0.737634
0.19397
0.71234
0.4339
0.220249
0.774236
0.113735
0.870009
0.499836
0.153954
0.609
0.447585
0.145951
0.764134
0.987158
0.758937
0.251861
0.795357
0.710701
0.919018
0.650559
0.0513644
0.983332
0.9411
0.846483
0.950662
0.379357
0.610505
0.512911
0.519949
0.571228
0.837064
0.96115
0.20269
0.657386
0.510941
0.693238
0.125218
0.812251
0.116084
0.397714
0.336771
0.285994
0.105065
0.0495345
0.893222
0.682892
0.467821
0.509691
0.0911888
0.0277947
0.890091
0.512304
0.639285
0.5975
0.202314
0.383872
0.91422
0.681778
0.382178
0.633834
0.0232924
0.442892
0.830168
0.264249
0.046114
0.904661
0.260714
0.965086
0.90681
0.617289
0.439011
0.708491
0.269039
0.972306
0.708867
0.933894
0.938631
0.943243
0.514465
0.152719
0.272885
0.690181
0.0668585
0.253787
0.519585
0.510535
0.792187
0.227369
0.656223
0.40257
0.746935
0.660099
0.855512
0.422396
0.45711
0.313418
0.0627205
0.792419
0.156347
0.680329
0.266734
0.100495
0.915186
0.33605
0.408924
0.241165
0.0794747
0.595302
0.240367
0.96872
0.0461699
0.810174
0.789397
0.724992
0.131989
0.0848551
0.349885
0.702117
0.947389
0.696708
0.177261
0.386428
0.071621
0.222661
0.914791
0.0218939
0.56471
0.569234
0.975267
0.0857074
0.381399
0.63785
0.787859
0.17632
0.75038
0.664451
0.367884
0.404057
0.827416
0.243101
0.893002
0.222713
0.332917
0.946765
0.80685
0.010376
0.982647
0.692943
0.198378
0.914467
0.297368
0.268435
0.782095
0.827202
0.974599
0.41049
0.392682
0.0377953
0.275293
0.559623
0.997455
0.677847
0.703274
0.286322
0.0392252
0.474738
0.887063
0.794364
0.0160367
0.393949
0.0252254
0.661234
0.259634
0.818177
0.683447
0.73441
0.696064
0.926192
0.294515
0.270455
0.354091
0.0933216
0.842238
0.631409
0.698056
0.7277
0.764258
0.0312951
0.0294718
0.835302
0.574235
0.218179
0.365773
0.52031
0.249707
0.25114
0.865873
0.810791
0.832708
0.308932
0.77755
0.0549523
0.513585
0.541226
0.568601
0.217538
0.69432
0.0728248
0.91269
0.993919
0.376159
0.58425
0.240269
0.870604
0.999286
0.0971391
0.774275
0.570256
0.447083
0.305393
0.97902
0.814969
0.082608
0.948874
0.71158
0.651006
0.500138
0.671799
0.240447
0.448455
0.508746
0.606209
0.0871203
0.583362
0.358427
0.627414
0.875458
0.201273
0.58252
0.94045
0.660893
0.72623
0.43968
0.668137
0.258352
0.876894
0.810012
0.633862
0.455189
0.573934
0.647289
0.0998082
0.550138
0.374355
0.940259
0.292364
0.221881
0.140058
0.520024
0.372229
0.214452
0.934567
0.127919
0.648652
0.509434
0.723561
0.786658
0.109748
0.0616098
0.196741
0.335493
0.836591
0.0371243
0.0368128
0.537802
0.673473
0.0184608
0.271625
0.988533
0.666535
0.646477
0.839025
0.964568
0.718576
0.554702
0.559442
0.81869
0.188735
0.667376
0.725637
0.305368
0.731165
0.349912
0.0559354
0.53704
0.065613
0.403221
0.912783
0.346529
0.896251
0.704266
0.506909
0.659676
0.780864
0.28391
0.952368
0.888263
0.426453
0.47917
0.19722
0.552213
0.834617
0.474498
0.0585687
0.997788
0.450605
0.380735
0.869422
0.010313
0.849614
0.0327443
0.243133
0.0653385
0.996926
0.0549372
0.0634725
0.982275
0.525034
0.931587
0.71984
0.831623
0.964085
0.212886
0.659082
0.537114
0.869734
0.639928
0.34978
0.215017
0.920124
0.345779
0.564206
0.664491
0.648761
0.251781
0.690916
0.521878
0.45815
0.215182
0.607976
0.0968108
0.422093
0.259888
0.383014
0.374773
0.757302
0.680749
0.998148
0.504915
0.978869
0.566007
0.495263
0.861625
0.507678
0.160747
0.254534
0.0315393
0.28275
0.0657334
0.793534
0.318111
0.333947
0.608923
0.224122
0.978579
0.918127
0.411387
0.209647
0.632173
0.434669
0.259623
0.556118
0.601973
0.0508269
0.0883
0.10749
0.886603
0.645584
0.217102
0.810037
0.240508
0.755711
0.620328
0.277347
0.881809
0.733626
0.639272
0.895403
0.171638
0.454509
0.764545
0.0420032
0.684503
0.285863
0.603555
0.131637
0.69202
0.243159
0.865805
0.968038
0.632522
0.891506
0.952882
0.369447
0.885021
0.701745
0.608248
0.984948
0.296334
0.570193
0.463124
0.262465
0.527807
0.72868
0.691157
0.159503
0.434514
0.846802
0.8326
0.532484
0.935922
0.912405
0.574924
0.950942
0.224936
0.743631
0.744081
0.741037
0.0724044
0.448714
0.513335
0.537356
0.805974
0.377626
0.221903
0.626391
0.501421
0.877257
0.315619
0.0718407
0.998807
0.391053
0.779788
0.470735
0.759472
0.586618
0.0100455
0.265403
0.259194
0.279914
0.632868
0.227986
0.851351
0.631366
0.935939
0.0379401
0.728307
0.693818
0.920358
0.871371
0.242238
0.391186
0.746314
0.492626
0.182763
0.386335
0.564127
0.144568
0.0391211
0.694061
0.77743
0.799261
0.745243
0.736173
0.0464014
0.0543944
0.770556
0.199785
0.432349
0.371131
0.546384
0.634267
0.0158571
0.839287
0.452286
0.331356
0.733522
0.542387
0.726941
0.0682217
0.740388
0.474085
0.771832
0.0228257
0.177275
0.0514133
0.620008
0.0169943
0.689537
0.688891
0.303726
0.63572
0.939939
0.558416
0.192344
0.374763
0.105615
0.599513
0.252298
0.530612
0.928884
0.534183
0.190126
0.836925
0.535007
0.941978
0.910884
0.312444
0.715905
0.878937
0.169271
0.742769
0.92369
0.0360489
0.0109097
0.215113
0.614874
0.286991
0.367654
0.657714
0.415097
0.608297
0.301829
0.716065
0.218052
0.367548
0.614557
0.595272
0.548796
0.584612
0.947908
0.447276
0.956511
0.935458
0.620831
0.496219
0.601777
0.329223
0.831694
0.569644
0.0386387
0.582235
0.307114
0.14543
0.699636
0.238304
0.768351
0.168779
0.690006
0.0977157
0.130603
0.251088
0.836364
0.277683
0.245682
0.889343
0.692286
0.993063
0.0200914
0.0662347
0.636598
0.222048
0.632785
0.134161
0.33208
0.671799
0.906185
0.0230064
0.3744
0.997156
0.759073
0.400796
0.542646
0.494748
0.279747
0.687272
0.364275
0.107984
0.124805
0.0886803
0.545145
0.787357
0.974594
0.607052
0.23841
0.460514
0.163721
0.250059
0.634674
0.0133923
0.510238
0.167782
0.7006
0.993725
0.524393
0.731418
0.265317
0.248766
0.745301
0.393335
0.0476942
0.816496
0.558941
0.0610122
0.697548
0.88352
0.730883
0.188451
0.822724
0.957791
0.300679
0.316864
0.628219
0.843203
0.135587
0.522795
0.053552
0.376962
0.197119
0.935495
0.218247
0.752745
0.0866064
0.840239
0.216713
0.82254
0.31437
0.164249
0.817899
0.541911
0.977122
0.0490138
0.841919
0.210927
0.267569
0.101474
0.783847
0.430278
0.29406
0.356999
0.852938
0.96019
0.58139
0.147485
0.719625
0.356313
0.260812
0.0907714
0.0873051
0.557647
0.836476
0.588501
0.788784
0.953255
0.73742
0.361999
0.875985
0.557889
0.018587
0.920476
0.294002
0.48169
0.529028
0.32736
0.885598
0.998833
0.351109
0.651734
0.222649
0.278859
0.994534
0.768086
0.473142
0.892237
0.751443
0.672375
0.310682
0.961532
0.555299
0.246452
0.112406
0.926801
0.78372
0.589175
0.803922
0.360584
0.91409
0.504678
0.146185
0.812356
0.924612
0.698561
0.943814
0.395795
0.231876
0.581685
0.382194
0.647255
0.0682091
0.0611848
0.361085
0.072425
0.682894
0.162764
0.525422
0.0648317
0.32716
0.69427
0.746214
0.370065
0.84196
0.979186
0.36637
0.515027
0.809655
0.256135
0.720287
0.282639
0.394656
0.960909
0.689483
0.904
0.541214
0.489305
0.794229
0.563257
0.635174
0.895733
0.0310751
0.647033
0.348221
0.367413
0.610499
0.52004
0.0344243
0.864812
0.61345
0.990498
0.991464
0.459256
0.721551
0.127576
0.852007
0.849169
0.420157
0.571473
0.145203
0.066438
0.215624
0.487206
0.103436
0.756311
0.30349
0.710219
0.621959
0.41389
0.810482
0.549021
0.321726
0.514483
0.98361
0.30549
0.592475
0.594547
0.653603
0.957535
0.658198
0.374775
0.018645
0.695413
0.0280671
0.445396
0.670108
0.703243
0.916213
0.443336
0.456599
0.62556
0.72641
0.817347
0.903222
0.36635
0.210476
0.654327
0.36163
0.879949
0.854647
0.192638
0.205746
0.271653
0.595215
0.943755
0.143146
0.109518
0.81365
0.572528
0.245709
0.430927
0.284464
0.354354
0.017974
0.8568
0.657328
0.0583439
0.579103
0.822256
0.50553
0.346674
0.688207
0.625202
0.922594
0.750905
0.148734
0.532688
0.88199
0.909489
0.278476
0.896047
0.621372
0.558395
0.278182
0.818552
0.521847
0.802366
0.365148
0.171985
0.700952
0.142127
0.750827
0.142842
0.341617
0.900046
0.682829
0.780148
0.026425
0.532626
0.682039
0.500285
0.414244
0.294059
0.206176
0.653989
0.176668
0.0498873
0.353424
0.795974
0.305063
0.275874
0.208332
0.885443
0.505281
0.14278
0.447081
0.989088
0.758617
0.683431
0.0523899
0.85539
0.517043
0.515743
0.100903
0.551139
0.383277
0.616237
0.442449
0.886749
0.564793
0.0797746
0.876301
0.686166
0.629647
0.963581
0.402665
0.791006
0.863624
0.901848
0.21775
0.245885
0.0625943
0.934395
0.0962944
0.182545
0.853298
0.600367
0.855021
0.044811
0.0743125
0.467897
0.699432
0.0373921
0.0385276
0.526164
0.990061
0.447514
0.095181
0.265266
0.647452
0.989415
0.238312
0.909533
0.523854
0.269855
0.877228
0.364112
0.948383
0.692498
0.192405
0.788182
0.246208
0.158542
0.670576
0.577093
0.957459
0.372727
0.0608867
0.0904075
0.0816066
0.942986
0.599152
0.303879
0.993775
0.195902
0.668454
0.404029
0.465779
0.127694
0.875882
0.389027
0.21762
0.626656
0.861144
0.285117
0.236572
0.652635
0.168609
0.775334
0.453612
0.45877
0.109413
0.805574
0.736311
0.84038
0.26238
0.185302
0.145956
0.112358
0.574756
0.440964
0.517743
0.340453
0.197231
0.338522
0.279721
0.194844
0.192994
0.998805
0.128012
0.602568
0.408201
0.282412
0.650539
0.802833
0.828969
0.247965
0.942548
0.15995
0.382593
0.355713
0.681411
0.356031
0.877759
0.0915775
0.283368
0.218733
0.67294
0.770551
0.241301
0.016331
0.732053
0.752851
0.441927
0.366067
0.485876
0.166172
0.366225
0.824446
0.201183
0.882632
0.138119
0.16497
0.46141
0.515662
0.0392499
0.511475
0.232927
0.483817
0.193997
0.0640098
0.841273
0.495354
0.20642
0.120018
0.247256
0.611695
0.320059
0.101193
0.96337
0.0183365
0.587159
0.776394
0.29721
0.102284
0.592775
0.82799
0.0416416
0.109508
0.469065
0.0820984
0.338558
0.463507
0.357459
0.678275
0.218892
0.913043
0.648352
0.369404
0.0973858
0.958525
0.503126
0.0964357
0.448927
0.576036
0.972664
0.692371
0.0255882
0.995553
0.58045
0.422293
0.17398
0.968936
0.186962
0.545268
0.062522
0.759528
0.813388
0.924196
0.336742
0.580859
0.252883
0.486736
0.0606011
0.105299
0.357044
0.158652
0.13068
0.358582
0.525692
0.294003
0.415732
0.827295
0.552238
0.413541
0.633873
0.449367
0.147319
0.323491
0.387114
0.261168
0.618006
0.98798
0.130938
0.980808
0.505987
0.971432
0.328456
0.351985
0.285751
0.257802
0.185048
0.0831006
0.742548
0.0319367
0.855381
0.843583
0.306969
0.157429
0.146708
0.980301
0.775067
0.419109
0.119061
0.136306
0.0989413
0.476639
0.553653
0.909182
0.154373
0.829561
0.573228
0.506649
0.0971477
0.928206
0.0284568
0.183354
0.782587
0.679499
0.578272
0.46453
0.161229
0.0848415
0.468866
0.416384
0.193093
0.406882
0.472557
0.571517
0.269452
0.829581
0.409249
0.257223
0.599243
0.911583
0.888051
0.992919
0.662274
0.193218
0.788081
0.748809
0.199725
0.606249
0.124183
0.464216
0.759868
0.429581
0.0644232
0.496464
0.975542
0.250371
0.268427
0.241578
0.937867
0.454178
0.734754
0.655902
0.470609
0.212347
0.182099
0.35984
0.39211
0.0552712
0.230246
0.370966
0.498394
0.394698
0.110893
0.167467
0.190089
0.169389
0.598149
0.974721
0.88176
0.66659
0.871536
0.612514
0.950399
0.805915
0.181176
0.864859
0.964201
0.156539
0.683933
0.971023
0.540208
0.724136
0.640054
0.394716
0.220364
0.913675
0.935919
0.390089
0.28448
0.179668
0.866662
0.653044
0.983141
0.835019
0.83488
0.597941
0.926649
0.711662
0.563654
0.138032
0.805014
0.237991
0.0938502
0.41568
0.298236
0.585292
0.0441851
0.282546
0.0500375
0.0303904
0.123715
0.301246
0.200979
0.332195
0.642302
0.791221
0.729732
0.969137
0.288023
0.493003
0.630343
0.920495
0.526422
0.65902
0.818743
0.0810284
0.331084
0.9986
0.619424
0.313282
0.998583
0.393511
0.67237
0.831552
0.0314633
0.366851
0.0608153
0.727864
0.401333
0.63522
0.970446
0.428841
0.544714
0.0462145
0.67447
0.142583
0.226285
0.185151
0.432177
0.22463
0.726415
0.747567
0.879164
0.747772
0.648494
0.723639
0.922836
0.97337
0.82303
0.169455
0.951448
0.886964
0.53337
0.497939
0.568913
0.656569
0.717263
0.354364
0.589236
0.48917
0.380651
0.868406
0.345793
0.137757
0.951196
0.496581
0.0983283
0.820793
0.227135
0.803128
0.319968
0.370311
0.035613
0.721497
0.635704
0.778336
0.469305
0.831576
0.186448
0.851625
0.601403
0.14331
0.16744
0.382847
0.667688
0.495274
0.334138
0.557022
0.357398
0.827402
0.398685
0.196167
0.0548114
0.896221
0.965576
0.275452
0.704776
0.099598
0.681898
0.69513
0.573916
0.867998
0.0527957
0.749428
0.845818
0.967422
0.99061
0.221186
0.918602
0.82734
0.169481
0.12986
0.594435
0.447891
0.182112
0.559717
0.131923
0.453493
0.964756
0.0253344
0.530064
0.426435
0.853875
0.805436
0.366263
0.0266779
0.89594
0.0975533
0.770944
0.995575
0.612489
0.112715
0.671779
0.219445
0.40262
0.364151
0.925161
0.0929335
0.145996
0.677329
0.27564
0.707326
0.542927
0.285043
0.497598
0.715215
0.22181
0.347089
0.996389
0.370317
0.242795
0.107901
0.0136683
0.0480358
0.607139
0.878801
0.884732
0.963558
0.590899
0.943749
0.446936
0.824436
0.0290082
0.0971698
0.330273
0.948837
0.818578
0.262032
0.329124
0.764389
0.345304
0.498126
0.507154
0.751547
0.554629
0.294216
0.414516
0.0933223
0.604499
0.671977
0.20439
0.306206
0.491054
0.134215
0.460569
0.225886
0.282419
0.673495
0.107338
0.728765
0.133461
0.465138
0.556612
0.460983
0.453214
0.665944
0.967125
0.446332
0.026831
0.36013
0.888689
0.39381
0.829939
0.559015
0.471582
0.248285
0.563931
0.716151
0.859377
0.530725
0.19133
0.0693372
0.893453
0.724663
0.484254
0.659097
0.581372
0.0515276
0.20061
0.882206
0.785722
0.34025
0.745378
0.145784
0.930427
0.624469
0.250695
0.108833
0.0124916
0.811684
0.836232
0.739938
0.557213
0.965788
0.358004
0.354059
0.942195
0.814924
0.711519
0.27301
0.0874002
0.0132743
0.982237
0.149797
0.436047
0.257176
0.993648
0.304982
0.57611
0.0186766
0.823643
0.766132
0.348521
0.862059
0.639349
0.394063
0.369705
0.76378
0.16203
0.985632
0.459194
0.304074
0.576967
0.30581
0.0225161
0.507965
0.520676
0.143053
0.429556
0.470529
0.0857697
0.305099
0.935303
0.0133557
0.260918
0.649778
0.183819
0.463924
0.846001
0.525091
0.103357
0.534285
0.593172
0.283244
0.432278
0.647261
0.848041
0.862489
0.237589
0.416166
0.868337
0.541314
0.609952
0.67755
0.0425341
0.0152292
0.100058
0.138145
0.278246
0.629721
0.382182
0.296719
0.527085
0.647656
0.157974
0.0552436
0.39489
0.162926
0.40358
0.828266
0.352266
0.253065
0.819911
0.638797
0.909308
0.46797
0.415002
0.562889
0.306159
0.684432
0.484124
0.706818
0.251265
0.383864
0.164436
0.438914
0.907177
0.656912
0.0379919
0.100819
0.0615263
0.664154
0.110205
0.070271
0.0629485
0.766085
0.632542
0.614348
0.879233
0.973836
0.49422
0.860803
0.591601
0.378438
0.954915
0.376048
0.497637
0.0625969
0.39692
0.781736
0.184819
0.574256
0.952366
0.716669
0.486602
0.923314
0.590452
0.0837633
0.739144
0.886063
0.583678
0.802567
0.885558
0.624801
0.0559263
0.297444
0.41147
0.825941
0.840152
0.354704
0.36316
0.408875
0.497541
0.923046
0.135238
0.571692
0.55734
0.600458
0.513423
0.537308
0.37315
0.786344
0.696452
0.889499
0.876381
0.718588
0.414953
0.792509
0.186866
0.814899
0.041644
0.795403
0.463129
0.126576
0.507226
0.106172
0.0623686
0.459422
0.482108
0.107086
0.54939
0.413527
0.474749
0.0556326
0.807587
0.644503
0.545422
0.329233
0.317368
0.377859
0.588725
0.856389
0.180146
0.79911
0.328143
0.185738
0.846251
0.189664
0.689224
0.0634856
0.597883
0.810899
0.850814
0.789672
0.873293
0.222166
0.822735
0.77826
0.739228
0.179444
0.28206
0.682397
0.241426
0.352875
0.125229
0.663799
0.734568
0.296193
0.0711772
0.132819
0.108549
0.916461
0.558372
0.345428
0.354505
0.72771
0.0839831
0.73903
0.891939
0.787318
0.525659
0.852924
0.0370591
0.666951
0.297213
0.0146483
0.236605
0.484826
0.0845225
0.4444
0.586434
0.493569
0.807857
0.0836847
0.231853
0.835728
0.22087
0.231349
0.508659
0.874629
0.412963
0.459504
0.483327
0.126616
0.611593
0.492461
0.0880005
0.562939
0.109935
0.335663
0.867622
0.166974
0.114899
0.675516
0.011273
0.998827
0.994754
0.653108
0.668238
0.31385
0.137527
0.107225
0.416383
0.113241
0.424664
0.974693
0.98635
0.42031
0.843199
0.228586
0.278418
0.967055
0.264562
0.585177
0.491946
0.117419
0.561753
0.408321
0.38503
0.254341
0.140031
0.786519
0.330708
0.253084
0.502701
0.524139
0.482784
0.267543
0.791033
0.249046
0.976144
0.181033
0.244048
0.314408
0.10651
0.602918
0.708566
0.299475
0.0230095
0.353124
0.92192
0.969733
0.925775
0.601187
0.473982
0.576043
0.123696
0.606128
0.373366
0.929068
0.722581
0.219281
0.712214
0.821387
0.864635
0.175273
0.918399
0.713447
0.904454
0.790464
0.684318
0.0256679
0.389352
0.817052
0.675041
0.0154336
0.13293
0.700815
0.821472
0.483151
0.893752
0.0461222
0.707439
0.267811
0.0489079
0.481843
0.235357
0.797192
0.302932
0.0373005
0.404733
0.395948
0.630472
0.493543
0.211724
0.729867
0.0412418
0.709935
0.769216
0.389113
0.670182
0.847398
0.967701
0.626771
0.538741
0.842852
0.270169
0.472938
0.207574
0.960163
0.0149076
0.950661
0.712335
0.419666
0.153105
0.0156674
0.503847
0.343873
0.436271
0.224339
0.404702
0.674442
0.754528
0.565567
0.953605
0.305257
0.564696
0.210509
0.456807
0.901409
0.619904
0.0133255
0.61733
0.828397
0.711416
0.282264
0.679427
0.0940118
0.112928
0.619158
0.254876
0.740337
0.436882
0.626127
0.348626
0.781898
0.800067
0.0660904
0.979589
0.790375
0.675736
0.148345
0.25538
0.527937
0.329206
0.596289
0.603418
0.614025
0.937309
0.938292
0.253397
0.36104
0.937919
0.993041
0.750091
0.694521
0.890088
0.0868379
0.430274
0.496507
0.272684
0.286302
0.289166
0.0387844
0.93131
0.414566
0.666287
0.496917
0.408664
0.193728
0.245973
0.276201
0.37774
0.709387
0.0320291
0.961363
0.863643
0.108168
0.137651
0.687223
0.260338
0.881457
0.943435
0.288715
0.511111
0.900884
0.867072
0.169564
0.914573
0.899481
0.348651
0.344486
0.642711
0.960513
0.595911
0.811577
0.147785
0.0403082
0.343017
0.135955
0.787684
0.127257
0.629557
0.543174
0.809037
0.822156
0.838992
0.874341
0.185662
0.128911
0.796921
0.99048
0.67382
0.918774
0.653586
0.399035
0.333593
0.711531
0.168039
0.0751752
0.493781
0.0249351
0.335957
0.624248
0.705092
0.694538
0.652884
0.406325
0.806399
0.595953
0.541646
0.869853
0.622848
0.348751
0.180939
0.983065
0.208971
0.0512128
0.329587
0.891781
0.228756
0.578296
0.973477
0.0430951
0.152098
0.79413
0.0978823
0.699481
0.211284
0.363479
0.204132
0.618997
0.138724
0.478433
0.0245949
0.998525
0.848714
0.0182295
0.0137132
0.871227
0.96747
0.904562
0.238211
0.281944
0.358868
0.95178
0.278739
0.598202
0.666892
0.0437634
0.285609
0.396719
0.317936
0.3437
0.425906
0.753543
0.11152
0.934904
0.518609
0.352213
0.332951
0.660013
0.399545
0.558039
0.168983
0.386717
0.0530908
0.743987
0.653978
0.113851
0.128219
0.404665
0.657959
0.565532
0.237874
0.400002
0.360516
0.165731
0.243167
0.832148
0.165975
0.455351
0.591955
0.0826205
0.691216
0.614097
0.947753
0.167603
0.0958966
0.261743
0.650449
0.954361
0.530987
0.135198
0.882003
0.575237
0.521802
0.408991
0.814395
0.509969
0.813897
0.0603747
0.664291
0.43653
0.27954
0.227238
0.60341
0.897347
0.401828
0.715301
0.853497
0.380428
0.964974
0.361252
0.374577
0.894434
0.891643
0.457047
0.0330785
0.0506442
0.240004
0.731309
0.0387319
0.906388
0.260249
0.738113
0.325025
0.391369
0.53543
0.749141
0.945402
0.516125
0.688121
0.122262
0.111029
0.325394
0.824707
0.742562
0.540727
0.875362
0.575265
0.611961
0.80982
0.469322
0.0244254
0.149934
0.48295
0.298881
0.725081
0.629912
0.114059
0.451868
0.0234205
0.497594
0.604715
0.605991
0.492522
0.238952
0.408607
0.449248
0.254651
0.250399
0.981053
0.066294
0.574746
0.978413
0.507944
0.243094
0.104192
0.464991
0.177661
0.692061
0.136709
0.462366
0.0384523
0.246936
0.359933
0.640215
0.872897
0.760472
0.560722
0.810292
0.144869
0.984603
0.564708
0.879539
0.790206
0.0695166
0.0915888
0.582565
0.762426
0.0884842
0.0239515
0.988436
0.353577
0.932888
0.482566
0.16589
0.0386773
0.0964794
0.935287
0.937063
0.0121741
0.115693
0.953744
0.430499
0.344727
0.857922
0.628327
0.714089
0.55045
0.294955
0.806778
0.746855
0.598247
0.247651
0.721933
0.409925
0.290279
0.649064
0.434826
0.456936
0.52667
0.50485
0.315073
0.288098
0.508412
0.201556
0.656906
0.14793
0.22594
0.203092
0.999677
0.0353632
0.359878
0.641662
0.216171
0.220977
0.709614
0.128022
0.829855
0.524698
0.478606
0.692255
0.571131
0.198673
0.547316
0.276063
0.100207
0.441022
0.512294
0.0358483
0.747468
0.0667515
0.821332
0.634926
0.0353311
0.883113
0.248791
0.202663
0.0402135
0.885663
0.640195
0.860487
0.143028
0.663988
0.496232
0.348855
0.0693947
0.816001
0.546892
0.468943
0.203795
0.197077
0.0936815
0.64362
0.104521
0.323328
0.16957
0.686818
0.379874
0.446047
0.324177
0.366192
0.958613
0.278436
0.23058
0.49006
0.822613
0.150927
0.0462178
0.0379752
0.0635532
0.299896
0.239104
0.551833
0.0784613
0.66287
0.281427
0.25512
0.797371
0.707841
0.797098
0.220345
0.131521
0.650893
0.640058
0.81949
0.79896
0.614986
0.19539
0.0904321
0.688505
0.0657094
0.493276
0.712089
0.992712
0.692385
0.0852183
0.612027
0.723169
0.56662
0.0722962
0.171988
0.56867
0.132929
0.354797
0.0493175
0.951715
0.578748
0.77009
0.215651
0.973707
0.428557
0.523963
0.493643
0.543039
0.0466326
0.450964
0.180023
0.527263
0.74655
0.605625
0.224798
0.0516225
0.97032
0.113142
0.45692
0.107603
0.575713
0.52082
0.794403
0.446427
0.449036
0.477951
0.274687
0.841736
0.0967572
0.625458
0.182435
0.0682744
0.490091
0.89492
0.527046
0.956576
0.893588
0.858053
0.679319
0.926117
0.861421
0.258967
0.319447
0.388855
0.940934
0.938401
0.607856
0.362046
0.527282
0.102357
0.889801
0.773956
0.888298
0.678937
0.469523
0.646593
0.0148662
0.138729
0.919734
0.804528
0.172107
0.542092
0.628803
0.733766
0.206827
0.41378
0.787713
0.431778
0.0849268
0.275817
0.242383
0.994346
0.15746
0.0238385
0.969582
0.659173
0.0335584
0.911624
0.37718
0.302489
0.481906
0.822678
0.908992
0.984319
0.533827
0.768722
0.910117
0.558717
0.255304
0.213855
0.587483
0.786915
0.656426
0.542588
0.521061
0.478547
0.084063
0.278997
0.440112
0.601772
0.468925
0.728252
0.94007
0.277144
0.568994
0.944494
0.74755
0.502605
0.27068
0.733811
0.193049
0.0995846
0.840484
0.0716875
0.578483
0.287886
0.176411
0.96522
0.705264
0.650339
0.208956
0.101775
0.251731
0.387965
0.793189
0.0618497
0.64204
0.482637
0.686564
0.11986
0.590293
0.19635
0.854624
0.325369
0.404717
0.909225
0.0935288
0.236322
0.518951
0.949069
0.232885
0.229555
0.531983
0.386229
0.15105
0.363982
0.292098
0.260046
0.292645
0.831915
0.4668
0.357238
0.0155224
0.385336
0.683102
0.778404
0.306724
0.726576
0.979247
0.627709
0.248562
0.173356
0.166272
0.118195
0.788109
0.157747
0.44934
0.421657
0.978572
0.524305
0.841822
0.798565
0.722825
0.844159
0.20074
0.496208
0.386018
0.0427411
0.286302
0.69318
0.401105
0.195076
0.125404
0.513358
0.695547
0.448236
0.051094
0.385194
0.647736
0.617315
0.79676
0.5974
0.220241
0.103945
0.0709436
0.0179658
0.801082
0.0549697
0.129892
0.7152
0.17636
0.622137
0.281969
0.425005
0.357197
0.564227
0.630401
0.974681
0.602003
0.661385
0.26681
0.671387
0.587703
0.780178
0.39453
0.123966
0.828516
0.0531102
0.861743
0.425867
0.364978
0.864681
0.342458
0.224002
0.531585
0.0490998
0.959996
0.630985
0.674625
0.73143
0.975708
0.306079
0.733417
0.461849
0.0918372
0.837079
0.348998
0.694528
0.439156
0.946448
0.810244
0.547353
0.454822
0.54821
0.0459012
0.388609
0.647713
0.797656
0.788851
0.627504
0.613013
0.440275
0.33456
0.26761
0.245064
0.940579
0.768926
0.254061
0.0216441
0.409232
0.976532
0.810883
0.156447
0.435292
0.960699
0.0740482
0.636246
0.626249
0.191992
0.765697
0.0253814
0.186247
0.703851
0.110288
0.640933
0.0757263
0.0720256
0.72435
0.491523
0.417036
0.141065
0.88164
0.481031
0.25643
0.504408
0.531496
0.593356
0.152732
0.0381211
0.0649115
0.0601457
0.862192
0.542314
0.631176
0.820548
0.860317
0.385666
0.16235
0.0208475
0.447083
0.558281
0.50642
0.254297
0.407087
0.0331886
0.824106
0.443789
0.548483
0.7652
0.122909
0.989506
0.788999
0.151993
0.582014
0.32211
0.819535
0.716803
0.417707
0.631507
0.721607
0.887968
0.601605
0.255972
0.112122
0.20358
0.381192
0.0634295
0.0852963
0.199573
0.186618
0.984594
0.197486
0.108636
0.726737
0.574641
0.0923538
0.728611
0.120708
0.393473
0.730891
0.360043
0.268728
0.954045
0.591747
0.274826
0.631069
0.0523077
0.847281
0.842327
0.135223
0.975215
0.721549
0.449741
0.111017
0.256002
0.599583
0.634951
0.46339
0.552394
0.178285
0.120482
0.203338
0.348044
0.560011
0.643952
0.251123
0.269459
0.454506
0.760889
0.496036
0.858085
0.97011
0.13953
0.0486812
0.708825
0.77657
0.519976
0.840891
0.95043
0.803055
0.231172
0.879542
0.498609
0.461436
0.8955
0.470342
0.879779
0.346451
0.385406
0.444262
0.769564
0.421199
0.722923
0.666766
0.439559
0.838493
0.173871
0.609772
0.803301
0.651852
0.980285
0.39617
0.389398
0.312886
0.75922
0.727539
0.608131
0.446499
0.100002
0.370316
0.878325
0.967308
0.348208
0.798104
0.166924
0.592391
0.224069
0.910484
0.170346
0.655573
0.0811792
0.785651
0.827671
0.909937
0.897763
0.772311
0.977248
0.172381
0.9227
0.311092
0.0770909
0.927152
0.343844
0.0742803
0.455391
0.18979
0.143598
0.950953
0.162101
0.921969
0.296871
0.478631
0.405612
0.862282
0.301713
0.0104074
0.771727
0.138912
0.977601
0.387737
0.921823
0.643873
0.684124
0.365634
0.974521
0.73664
0.118453
0.708676
0.828109
0.754016
0.852732
0.738821
0.292491
0.627703
0.379711
0.960116
0.892338
0.33333
0.271959
0.845608
0.288895
0.716533
0.978719
0.109492
0.630766
0.603133
0.45528
0.821175
0.989985
0.922305
0.0448053
0.637885
0.878819
0.0125503
0.644058
0.745671
0.310377
0.257785
0.500302
0.33705
0.31203
0.934373
0.592642
0.998079
0.785601
0.348353
0.899107
0.659243
0.157555
0.705433
0.757212
0.677662
0.860421
0.112725
0.714357
0.889181
0.277962
0.69941
0.906811
0.750852
0.310907
0.752865
0.214866
0.810768
0.669786
0.0445407
0.0706171
0.348818
0.0121297
0.365691
0.132904
0.0371948
0.279641
0.230751
0.775957
0.0911631
0.476709
0.993732
0.842516
0.755024
0.0723438
0.586641
0.809203
0.191916
0.375754
0.742659
0.721017
0.415767
0.0158518
0.486594
0.0206995
0.342355
0.863084
0.396468
0.834436
0.274688
0.644585
0.589357
0.274771
0.137113
0.806193
0.0837697
0.695755
0.681458
0.227806
0.407251
0.369474
0.558853
0.982742
0.953015
0.35131
0.484014
0.363415
0.826964
0.623107
0.760088
0.712322
0.64086
0.86369
0.763221
0.422096
0.937251
0.106728
0.84959
0.201
0.867424
0.945514
0.0236729
0.48105
0.570682
0.544248
0.876047
0.932046
0.440873
0.471568
0.884462
0.0300308
0.806123
0.875678
0.266793
0.565613
0.0831596
0.922943
0.858313
0.781429
0.708628
0.868904
0.846923
0.744494
0.344841
0.7188
0.206183
0.409124
0.781549
0.51746
0.328675
0.649693
0.313691
0.459972
0.16004
0.94614
0.650606
0.931776
0.647191
0.924853
0.68689
0.333703
0.575269
0.295094
0.459024
0.487224
0.4764
0.843928
0.521466
0.481509
0.18731
0.808546
0.86372
0.0335144
0.645806
0.586773
0.62965
0.736236
0.485292
0.46237
0.425553
0.464523
0.912095
0.942324
0.739727
0.782113
0.142725
0.912684
0.85703
0.131789
0.188762
0.784154
0.696204
0.772854
0.0970873
0.953732
0.196505
0.302705
0.091343
0.706517
0.518613
0.384818
0.599915
0.395789
0.567677
0.771638
0.951437
0.822234
0.0523289
0.459223
0.0827855
0.83296
0.963716
0.556331
0.60473
0.721501
0.348447
0.768779
0.984101
0.435066
0.564599
0.48875
0.0341343
0.996043
0.458973
0.0609231
0.531781
0.920222
0.416491
0.653297
0.215076
0.837399
0.873154
0.66552
0.723869
0.579081
0.605661
0.538072
0.9813
0.363138
0.908895
0.557514
0.677327
0.877734
0.219965
0.229481
0.738786
0.757029
0.899913
0.223606
0.5201
0.411547
0.227311
0.258412
0.514624
0.124854
0.0778098
0.687009
0.0350482
0.938977
0.330275
0.192647
0.807882
0.800843
0.819944
0.2985
0.3481
0.528682
0.847898
0.950274
0.462628
0.692456
0.712985
0.734762
0.622418
0.283006
0.538293
0.390573
0.436748
0.704999
0.286648
0.346364
0.520928
0.0211408
0.162029
0.727974
0.919279
0.480639
0.851398
0.314684
0.999225
0.504441
0.959416
0.190952
0.810467
0.535088
0.232118
0.708077
0.143114
0.210453
0.252615
0.59574
0.590237
0.425822
0.528451
0.231144
0.219898
0.971748
0.450769
0.108937
0.366821
0.543252
0.813517
0.447437
0.583044
0.460192
0.797975
0.656236
0.993825
0.833606
0.0117742
0.801638
0.142993
0.980794
0.697944
0.0795882
0.289881
0.704104
0.923991
0.0958974
0.416414
0.342127
0.191213
0.762672
0.457926
0.3688
0.28348
0.994813
0.432866
0.538742
0.136615
0.557736
0.846974
0.329528
0.126292
0.284795
0.359702
0.44424
0.773027
0.75812
0.22276
0.463251
0.3405
0.96774
0.137031
0.344389
0.344426
0.745225
0.740584
0.722864
0.792423
0.538918
0.762413
0.278438
0.534693
0.646737
0.323187
0.63674
0.500667
0.498616
0.317703
0.537788
0.976729
0.220664
0.881949
0.8207
0.902632
0.590603
0.0528957
0.36473
0.789184
0.757937
0.562277
0.2983
0.134307
0.354057
0.640955
0.622727
0.763232
0.0509714
0.150718
0.997093
0.421172
0.0978495
0.0626743
0.43808
0.321367
0.792958
0.48012
0.486296
0.258946
0.638753
0.945224
0.231686
0.540357
0.770932
0.444677
0.458821
0.0682766
0.698042
0.109886
0.929179
0.243836
0.343691
0.918096
0.458335
0.647101
0.658048
0.998101
0.0420101
0.41338
0.577963
0.371448
0.514132
0.843784
0.423593
0.411688
0.163984
0.784192
0.907372
0.285637
0.777653
0.611434
0.577689
0.019798
0.400737
0.744505
0.305088
0.654905
0.62857
0.0164495
0.715523
0.701399
0.981519
0.0563655
0.654282
0.33686
0.465187
0.203946
0.62077
0.394579
0.370918
0.778665
0.213034
0.834677
0.810105
0.365933
0.366859
0.20164
0.245209
0.140704
0.105819
0.34636
0.917478
0.458112
0.320428
0.948911
0.926216
0.0216264
0.688271
0.930935
0.23093
0.980966
0.14838
0.277957
0.339682
0.343796
0.429609
0.411698
0.84066
0.356249
0.38099
0.95712
0.612266
0.342497
0.925259
0.16086
0.556133
0.605901
0.844921
0.537636
0.839584
0.50724
0.973359
0.799101
0.10313
0.973073
0.803432
0.375926
0.197844
0.630729
0.333728
0.584908
0.755714
0.701356
0.100306
0.769381
0.93799
0.740556
0.431506
0.821916
0.998203
0.261203
0.210736
0.893154
0.635952
0.513243
0.316402
0.534107
0.188586
0.0974958
0.98676
0.490822
0.0645527
0.0950069
0.683041
0.910374
0.975212
0.187674
0.292047
0.495218
0.551661
0.403506
0.195305
0.106183
0.029354
0.940672
0.608715
0.274611
0.837789
0.402133
0.471484
0.94513
0.259379
0.431389
0.871846
0.94712
0.831341
0.557832
0.110178
0.85102
0.943977
0.884656
0.737213
0.969173
0.343684
0.013262
0.599459
0.44448
0.484176
0.268177
0.0802337
0.548185
0.296006
0.0516447
0.856194
0.181413
0.40959
0.687774
0.173481
0.0610409
0.261412
0.65585
0.758985
0.915366
0.962431
0.982639
0.843126
0.644672
0.377945
0.245957
0.219286
0.250562
0.0746672
0.942074
0.39803
0.909109
0.518138
0.330461
0.522138
0.687875
0.342627
0.65621
0.631374
0.646468
0.436419
0.135531
0.669508
0.804817
0.645127
0.453969
0.716891
0.441275
0.272184
0.666155
0.783621
0.972944
0.149595
0.437221
0.296718
0.212567
0.886461
0.983033
0.800576
0.064186
0.401086
0.132853
0.818053
0.17132
0.782896
0.171205
0.22939
0.340626
0.966545
0.726848
0.241734
0.962721
0.336175
0.861093
0.768933
0.476649
0.876069
0.728755
0.426223
0.519268
0.398251
0.346816
0.770538
0.204556
0.145995
0.857621
0.292475
0.851576
0.396389
0.290945
0.995015
0.697572
0.601042
0.152615
0.40821
0.0677629
0.136099
0.0824093
0.489597
0.0712338
0.309555
0.9992
0.59764
0.690561
0.996034
0.174627
0.478578
0.0181434
0.79428
0.0229396
0.151844
0.131255
0.646567
0.106279
0.874903
0.941014
0.812621
0.409249
0.638149
0.105116
0.250298
0.594702
0.172643
0.847889
0.154853
0.45696
0.0711464
0.422608
0.22329
0.799792
0.248353
0.44454
0.514594
0.875081
0.0999181
0.847186
0.38921
0.752501
0.350113
0.31103
0.732063
0.472587
0.048126
0.464365
0.959859
0.599012
0.313443
0.547008
0.0655336
0.115455
0.718423
0.838261
0.968004
0.438397
0.417984
0.16385
0.0438572
0.758675
0.889642
0.842599
0.539939
0.607337
0.751277
0.0125557
0.702092
0.252079
0.625376
0.665242
0.554394
0.36842
0.143545
0.859652
0.548765
0.934012
0.541366
0.852801
0.835943
0.870755
0.746253
0.688143
0.584977
0.65914
0.976413
0.120336
0.850729
0.381389
0.731537
0.752378
0.924973
0.995493
0.271747
0.40617
0.634797
0.818133
0.117309
0.165048
0.119235
0.866311
0.112599
0.546944
0.316662
0.268047
0.843395
0.234236
0.604677
0.85117
0.732143
0.853788
0.766373
0.0793394
0.272598
0.567668
0.0783817
0.63757
0.933232
0.510024
0.0817761
0.282377
0.370617
0.944657
0.400861
0.568969
0.214366
0.510681
0.266519
0.990412
0.218859
0.254856
0.0659089
0.881679
0.610926
0.584148
0.0716898
0.764197
0.223882
0.945607
0.738943
0.0978941
0.99565
0.148645
0.438669
0.586312
0.963811
0.480266
0.610745
0.875231
0.413734
0.657887
0.971754
0.151859
0.429498
0.535758
0.45776
0.0256367
0.510285
0.19655
0.573225
0.413697
0.374301
0.637795
0.833518
0.0718602
0.734715
0.417241
0.292159
0.152743
0.527954
0.75544
0.815434
0.956277
0.880513
0.435794
0.952036
0.784135
0.213599
0.363303
0.957732
0.470435
0.132549
0.462401
0.727932
0.258827
0.666708
0.799971
0.12287
0.743194
0.564071
0.244165
0.89689
0.0275631
0.770273
0.443407
0.2855
0.895871
0.898452
0.356882
0.921306
0.9484
0.66589
0.63488
0.692526
0.100509
0.139012
0.318305
0.538693
0.860809
0.63417
0.0778164
0.554853
0.141384
0.301804
0.0371996
0.392834
0.816056
0.733989
0.186857
0.830557
0.651563
0.26897
0.389687
0.266576
0.517895
0.142245
0.801244
0.958252
0.764084
0.307354
0.876577
0.694614
0.996959
0.10303
0.972388
0.68034
0.447594
0.739884
0.376812
0.566097
0.552175
0.418843
0.912916
0.840821
0.668205
0.190918
0.868404
0.14559
0.434025
0.127606
0.254065
0.103778
0.209056
0.629368
0.810602
0.616636
0.389547
0.660152
0.877039
0.605193
0.531691
0.0376841
0.51241
0.153715
0.789391
0.915272
0.924193
0.910599
0.484827
0.617346
0.680323
0.154084
0.0663483
0.077835
0.143738
0.218122
0.725269
0.952089
0.143939
0.845321
0.45358
0.215967
0.937353
0.656281
0.409982
0.908871
0.835554
0.35745
0.610263
0.375488
0.0701926
0.526339
0.597933
0.0470576
0.557218
0.415052
0.432367
0.341078
0.478108
0.348599
0.939609
0.942171
0.716363
0.922695
0.0757591
0.981896
0.148919
0.24821
0.574461
0.595974
0.745917
0.140903
0.0724726
0.661136
0.100407
0.766203
0.204843
0.482206
0.25826
0.154085
0.834182
0.783474
0.250888
0.378541
0.280115
0.364664
0.49785
0.200079
0.0216514
0.23972
0.65143
0.0685039
0.591782
0.0176295
0.0922104
0.769304
0.563823
0.929634
0.578458
0.663673
0.14053
0.0493482
0.0998828
0.724493
0.724089
0.961977
0.949511
0.753223
0.472
0.687198
0.374592
0.931935
0.0627762
0.484293
0.85415
0.843014
0.302543
0.860877
0.679521
0.646451
0.612393
0.414207
0.95983
0.819826
0.0957307
0.326319
0.219412
0.712825
0.282632
0.33431
0.116637
0.107761
0.141741
0.511071
0.822705
0.878917
0.415858
0.736685
0.202731
0.318935
0.442059
0.517009
0.162743
0.564863
0.495217
0.069867
0.393444
0.959425
0.400544
0.157974
0.133822
0.887861
0.663982
0.954441
0.915302
0.0386783
0.964785
0.225422
0.371875
0.0594542
0.865887
0.982584
0.888618
0.521429
0.254072
0.0614979
0.552313
0.429416
0.114207
0.63737
0.429552
0.484342
0.520826
0.592552
0.265333
0.67526
0.376406
0.419369
0.117654
0.462268
0.672188
0.709456
0.799374
0.929281
0.729081
0.488707
0.277919
0.74875
0.3159
0.110844
0.482342
0.775119
0.20041
0.820772
0.898659
0.176515
0.767639
0.747217
0.951655
0.174022
0.984454
0.106222
0.892232
0.306492
0.671894
0.123059
0.824093
0.620048
0.951786
0.288336
0.477513
0.734974
0.482503
0.370566
0.174619
0.660851
0.112704
0.673095
0.178131
0.107035
0.327291
0.55612
0.983627
0.39807
0.358652
0.722053
0.369687
0.0406711
0.160037
0.334277
0.302254
0.668214
0.836111
0.158874
0.0932057
0.951017
0.949824
0.171606
0.0251183
0.766535
0.671753
0.250364
0.806224
0.476662
0.307106
0.47235
0.757466
0.802243
0.463217
0.70531
0.170734
0.63954
0.052256
0.0141404
0.98997
0.603431
0.897705
0.312216
0.159044
0.574627
0.245804
0.0103294
0.444821
0.0888933
0.0535797
0.745022
0.594732
0.957631
0.862389
0.974331
0.642738
0.290523
0.290425
0.0391547
0.738424
0.0220603
0.853417
0.046802
0.783013
0.254314
0.677734
0.166694
0.844502
0.145622
0.239751
0.679847
0.500361
0.533271
0.650832
0.733568
0.562322
0.368335
0.0116404
0.220617
0.75047
0.524162
0.770958
0.0901441
0.0496389
0.405015
0.122888
0.464212
0.114658
0.71698
0.188847
0.0837717
0.286394
0.031374
0.830288
0.405333
0.15187
0.767032
0.152169
0.618191
0.985906
0.196903
0.355475
0.679269
0.839272
0.402166
0.526471
0.958102
0.550219
0.754632
0.530906
0.709998
0.526076
0.827661
0.822683
0.585088
0.0567433
0.456774
0.826601
0.844811
0.517665
0.552644
0.905963
0.539225
0.563191
0.84481
0.571228
0.206248
0.134881
0.768013
0.786702
0.0735746
0.626119
0.207331
0.638916
0.625742
0.65801
0.973918
0.70225
0.622055
0.453979
0.257306
0.60246
0.501466
0.559036
0.955605
0.894906
0.357495
0.125428
0.6844
0.418007
0.589149
0.421379
0.418484
0.529518
0.210215
0.830633
0.347136
0.40283
0.445196
0.2424
0.121031
0.110269
0.343969
0.633472
0.41963
0.385712
0.196877
0.767447
0.344093
0.214988
0.250795
0.976335
0.756487
0.0506263
0.909594
0.945792
0.0524748
0.104091
0.274719
0.399842
0.88142
0.0418292
0.590058
0.611104
0.198084
0.358509
0.742972
0.84405
0.388901
0.600301
0.275927
0.71051
0.134328
0.206096
0.13991
0.367561
0.194807
0.158494
0.725886
0.460406
0.770556
0.350765
0.748053
0.887049
0.610433
0.0323848
0.253146
0.57783
0.435211
0.822599
0.694715
0.392976
0.160184
0.831395
0.312179
0.324382
0.494776
0.865023
0.0378601
0.247502
0.823571
0.465507
0.993907
0.0100242
0.958701
0.750095
0.929302
0.716058
0.634419
0.773169
0.723302
0.0186801
0.0769632
0.332183
0.139474
0.923769
0.984885
0.0127047
0.434496
0.234007
0.921167
0.199938
0.0365318
0.0878031
0.261496
0.026608
0.571315
0.858628
0.105812
0.128818
0.505552
0.961826
0.320709
0.166759
0.116455
0.141328
0.247191
0.528536
0.74575
0.769805
0.806324
0.773118
0.916185
0.415954
0.486867
0.738
0.543517
0.757212
0.32139
0.891113
0.951459
0.549489
0.665573
0.580739
0.826194
0.423162
0.887019
0.283662
0.461109
0.260922
0.439775
0.638979
0.0808863
0.656496
0.614263
0.681059
0.903807
0.379941
0.391381
0.454411
0.101743
0.100069
0.725656
0.657406
0.694241
0.311913
0.936179
0.769575
0.133176
0.623295
0.294476
0.602115
0.328394
0.761453
0.706308
0.262881
0.980976
0.300054
0.53449
0.656078
0.550266
0.881108
0.897268
0.779335
0.786452
0.124593
0.9263
0.602826
0.978387
0.911603
0.30123
0.587998
0.285294
0.491962
0.439951
0.646432
0.680716
0.696176
0.913264
0.43042
0.466764
0.192598
0.550396
0.32455
0.167901
0.519263
0.740112
0.586954
0.80697
0.419279
0.38143
0.766684
0.947354
0.241773
0.0987154
0.847819
0.50179
0.755912
0.965343
0.469615
0.98864
0.855857
0.449666
0.981956
0.873141
0.114762
0.626836
0.5983
0.869425
0.342029
0.0994907
0.843511
0.745031
0.86697
0.7618
0.182893
0.296079
0.594726
0.61961
0.498068
0.95528
0.883782
0.256286
0.585647
0.947978
0.118055
0.189955
0.605109
0.430087
0.762166
0.286028
0.501264
0.181392
0.023722
0.559693
0.835478
0.787438
0.266877
0.724344
0.122339
0.231477
0.458416
0.745171
0.125921
0.644576
0.829133
0.0457516
0.679441
0.354602
0.624864
0.338891
0.603463
0.346089
0.6904
0.921967
0.58742
0.122175
0.35239
0.653996
0.900317
0.720014
0.344198
0.347972
0.7992
0.426619
0.97427
0.66698
0.109664
0.769391
0.933494
0.46808
0.500959
0.383586
0.0119229
0.149405
0.160241
0.162951
0.927745
0.9665
0.530193
0.204463
0.129596
0.676114
0.380053
0.880514
0.0235359
0.683609
0.798063
0.313826
0.886075
0.930345
0.150267
0.848893
0.941884
0.907615
0.610165
0.219968
0.541418
0.473157
0.400755
0.921799
0.694851
0.0670611
0.449218
0.0702961
0.202523
0.572119
0.022671
0.498514
0.765623
0.588368
0.402362
0.0584865
0.297281
0.549204
0.758487
0.191344
0.142888
0.636217
0.990455
0.687167
0.0460529
0.674019
0.217663
0.909419
0.0739544
0.980396
0.742141
0.343073
0.704712
0.802102
0.862306
0.0644823
0.536065
0.343749
0.0386551
0.966018
0.872169
0.948039
0.0451867
0.351888
0.136853
0.563292
0.884883
0.81553
0.218029
0.566534
0.99641
0.275082
0.110056
0.612597
0.432262
0.323174
0.816235
0.0246663
0.590741
0.14125
0.927385
0.589239
0.564821
0.524501
0.99359
0.394696
0.962418
0.739423
0.455059
0.840564
0.4326
0.710249
0.904416
0.510868
0.981146
0.762499
0.424239
0.332514
0.861177
0.761032
0.0671556
0.540036
0.255575
0.611877
0.445865
0.549089
0.803962
0.925047
0.353537
0.204091
0.172119
0.392701
0.780371
0.73083
0.350008
0.30256
0.879681
0.565242
0.312007
0.102231
0.613069
0.53692
0.782358
0.194769
0.688725
0.383996
0.507732
0.732757
0.994898
0.895777
0.769698
0.412437
0.54858
0.558495
0.129834
0.0953595
0.491954
0.638088
0.282098
0.556943
0.244322
0.868701
0.108162
0.142699
0.0152281
0.992485
0.630733
0.427311
0.0122509
0.339444
0.44617
0.166409
0.198051
0.29448
0.62376
0.30153
0.558036
0.581994
0.222949
0.51624
0.440875
0.349515
0.419243
0.880887
0.258632
0.793688
0.179774
0.149152
0.617309
0.723502
0.696414
0.803907
0.753064
0.858961
0.721596
0.0642158
0.0575907
0.650902
0.696943
0.652006
0.918343
0.705831
0.965789
0.203811
0.688303
0.488045
0.92176
0.498391
0.801564
0.503238
0.19644
0.352275
0.013234
0.982691
0.757499
0.0282775
0.340677
0.678352
0.229747
0.0293251
0.303989
0.407472
0.539513
0.151802
0.562577
0.723872
0.291917
0.0323955
0.363301
0.973909
0.892017
0.858978
0.423942
0.31093
0.495074
0.367322
0.31482
0.28608
0.0585052
0.825192
0.504608
0.191687
0.132264
0.0294874
0.861825
0.970329
0.851996
0.229326
0.105553
0.130325
0.810427
0.540058
0.549362
0.939982
0.62012
0.160502
0.57885
0.59895
0.524509
0.856486
0.24162
0.0495896
0.555644
0.111442
0.918199
0.635123
0.786517
0.961206
0.34308
0.697175
0.795674
0.202724
0.421851
0.962334
0.0275608
0.934477
0.917085
0.516545
0.0864299
0.466799
0.652059
0.586582
0.387046
0.489575
0.206256
0.4266
0.846789
0.211196
0.285277
0.0417762
0.821174
0.137439
0.547482
0.0460583
0.806266
0.759342
0.709236
0.870837
0.132225
0.34959
0.0969569
0.64247
0.0664695
0.462664
0.428845
0.307509
0.606579
0.50086
0.993666
0.293255
0.211223
0.210864
0.874319
0.349756
0.152276
0.65184
0.641488
0.284301
0.611473
0.465437
0.935179
0.744913
0.239379
0.253827
0.784221
0.0519119
0.333662
0.446496
0.474537
0.0204147
0.722485
0.91324
0.620317
0.784851
0.582399
0.804778
0.809932
0.442423
0.153136
0.0904214
0.644867
0.560878
0.423092
0.817273
0.234242
0.449272
0.83749
0.523287
0.955461
0.279863
0.579165
0.787408
0.710671
0.905616
0.452716
0.778533
0.970541
0.669701
0.985788
0.220696
0.315653
0.245132
0.266527
0.606815
0.80284
0.821876
0.489662
0.754564
0.39464
0.618537
0.278497
0.514335
0.568131
0.648702
0.877472
0.596582
0.188768
0.316459
0.535966
0.735718
0.852531
0.472304
0.97399
0.96047
0.549242
0.722136
0.432213
0.544114
0.422951
0.0699488
0.628819
0.053448
0.0626805
0.744616
0.938267
0.0210783
0.131783
0.614589
0.693229
0.284717
0.137469
0.955827
0.910156
0.694081
0.846888
0.079152
0.505135
0.568667
0.65098
0.64549
0.744152
0.808289
0.940925
0.182516
0.770648
0.181069
0.952724
0.913136
0.234123
0.982809
0.0637243
0.944876
0.368201
0.553918
0.30542
0.258836
0.377655
0.791165
0.797703
0.0758871
0.415434
0.374709
0.810008
0.575739
0.58744
0.470479
0.667984
0.351969
0.688824
0.676763
0.164175
0.325445
0.534538
0.70085
0.720213
0.831189
0.425923
0.521445
0.799878
0.623077
0.666317
0.15798
0.0552803
0.900702
0.470136
0.118641
0.967139
0.843112
0.938569
0.69163
0.222603
0.289099
0.823885
0.250061
0.889088
0.092056
0.637796
0.51799
0.785556
0.590444
0.761555
0.626352
0.843374
0.174627
0.535932
0.451468
0.759463
0.357871
0.196217
0.422367
0.51594
0.0907752
0.952852
0.255582
0.401159
0.84269
0.741482
0.913342
0.11354
0.492861
0.275968
0.761497
0.618846
0.801881
0.158835
0.427632
0.148861
0.435494
0.533495
0.299773
0.249564
0.0577831
0.705363
0.710594
0.722212
0.538434
0.788146
0.0425832
0.237637
0.955299
0.0312737
0.291506
0.355937
0.865158
0.904478
0.313789
0.328194
0.81393
0.81365
0.877881
0.725015
0.453288
0.413052
0.530514
0.74921
0.943312
0.49827
0.990615
0.997239
0.884134
0.215751
0.439481
0.886195
0.632429
0.666012
0.652447
0.0993225
0.183354
0.0944088
0.057593
0.0457392
0.0108831
0.956775
0.803419
0.478078
0.867056
0.404025
0.330615
0.642612
0.200556
0.0645913
0.538859
0.024287
0.467984
0.888407
0.272754
0.704676
0.895631
0.460945
0.762802
0.622988
0.839493
0.2167
0.212349
0.847361
0.479775
0.517807
0.312994
0.766104
0.268516
0.086618
0.0456416
0.468065
0.0607068
0.662992
0.0617778
0.610142
0.973525
0.602357
0.737408
0.180199
0.0849078
0.693894
0.764447
0.184642
0.753533
0.814247
0.977796
0.286106
0.492906
0.696432
0.495418
0.795574
0.265236
0.515115
0.956711
0.498817
0.123408
0.803829
0.87693
0.726151
0.137078
0.537234
0.615294
0.544999
0.423261
0.839366
0.254439
0.660114
0.271484
0.528972
0.329318
0.77957
0.608975
0.508367
0.170499
0.556853
0.0811776
0.0357006
0.517951
0.512609
0.328267
0.666713
0.674117
0.56386
0.711978
0.833984
0.445275
0.695612
0.933889
0.235947
0.459144
0.238635
0.103814
0.572133
0.195411
0.157636
0.687635
0.238759
0.629615
0.766977
0.818461
0.0994681
0.441847
0.911126
0.130862
0.201716
0.862883
0.423098
0.987332
0.174432
0.326494
0.784972
0.221498
0.0622802
0.18759
0.378839
0.633819
0.908921
0.177331
0.751653
0.779512
0.227834
0.668994
0.6172
0.978848
0.557684
0.718992
0.561448
0.601935
0.393609
0.259044
0.305961
0.969884
0.298375
0.671622
0.71382
0.985293
0.117469
0.32283
0.161828
0.551163
0.770594
0.969633
0.588018
0.526648
0.207862
0.311365
0.324443
0.761655
0.540877
0.0880494
0.55571
0.776331
0.385507
0.770735
0.185263
0.0592541
0.825475
0.560433
0.071938
0.544048
0.258387
0.350572
0.599421
0.742804
0.885346
0.545686
0.703129
0.819983
0.595524
0.0174219
0.388767
0.0321259
0.428932
0.831713
0.985787
0.88495
0.433297
0.523473
0.609239
0.753274
0.448456
0.132247
0.945026
0.106346
0.0726888
0.450992
0.156179
0.0243747
0.868076
0.818466
0.801374
0.885793
0.980788
0.777037
0.51363
0.317223
0.0715534
0.423277
0.270596
0.735577
0.628827
0.34886
0.0905799
0.758806
0.918577
0.848119
0.874453
0.508796
0.139907
0.653374
0.884957
0.648255
0.732748
0.0595689
0.32233
0.694516
0.382478
0.77509
0.947226
0.0634894
0.567183
0.25217
0.396883
0.112728
0.174846
0.101238
0.909832
0.1037
0.938626
0.705813
0.982426
0.694523
0.586757
0.956551
0.589656
0.120287
0.563783
0.637012
0.779799
0.0252067
0.638751
0.163272
0.861655
0.424899
0.168938
0.997324
0.7538
0.755756
0.324256
0.0745262
0.366589
0.626168
0.121307
0.990829
0.978437
0.65232
0.295218
0.740793
0.887628
0.44781
0.380411
0.350995
0.0629224
0.46665
0.176545
0.14442
0.443314
0.694849
0.597426
0.605167
0.715793
0.0667899
0.741389
0.845185
0.90621
0.502053
0.914281
0.175027
0.962868
0.850923
0.717033
0.607112
0.452531
0.0366288
0.0621291
0.74033
0.36941
0.669199
0.309924
0.425582
0.538549
0.81042
0.171865
0.599404
0.889288
0.168005
0.388496
0.172156
0.352417
0.0372629
0.29291
0.440082
0.681564
0.370879
0.101871
0.200694
0.965787
0.837079
0.847063
0.398452
0.301716
0.175551
0.876453
0.635384
0.191005
0.768358
0.814869
0.728242
0.595363
0.23459
0.0844242
0.643127
0.417694
0.929958
0.0310146
0.0581548
0.109086
0.225759
0.101197
0.0233469
0.382506
0.373075
0.512249
0.929487
0.465604
0.531363
0.884964
0.76821
0.0279923
0.0980717
0.0954799
0.404498
0.296004
0.229573
0.787967
0.119409
0.31682
0.563644
0.587378
0.543284
0.791266
0.294411
0.54979
0.590814
0.441062
0.573637
0.4819
0.918675
0.416823
0.404277
0.414702
0.304205
0.1661
0.837136
0.261784
0.383811
0.804548
0.130591
0.302749
0.212658
0.24239
0.92474
0.567343
0.670303
0.0576839
0.557827
0.734147
0.806312
0.771346
0.725107
0.631635
0.146398
0.541018
0.0349453
0.667691
0.884564
0.654006
0.0651471
0.18737
0.816065
0.744226
0.225313
0.689392
0.186689
0.246616
0.0349493
0.931543
0.303183
0.0370221
0.964927
0.407704
0.734211
0.110371
0.828896
0.937511
0.77241
0.959836
0.546759
0.839204
0.3007
0.356837
0.677041
0.200407
0.362444
0.115723
0.273397
0.361081
0.587917
0.750077
0.977966
0.674018
0.989363
0.634587
0.895184
0.265464
0.75555
0.839707
0.986834
0.143946
0.215897
0.670324
0.530086
0.980535
0.400844
0.731786
0.343147
0.51146
0.295023
0.679522
0.404892
0.879634
0.0846015
0.510656
0.840701
0.87887
0.539952
0.62149
0.100069
0.321229
0.537041
0.933138
0.871124
0.576882
0.874452
0.462639
0.982966
0.159529
0.489261
0.304987
0.271012
0.613358
0.336217
0.175223
0.402364
0.280399
0.41665
0.696315
0.710462
0.609796
0.870025
0.755262
0.319189
0.741603
0.0175782
0.939277
0.535899
0.27862
0.862033
0.482304
0.926541
0.334131
0.0898984
0.427626
0.026067
0.856244
0.208382
0.941111
0.754162
0.41444
0.0370126
0.248102
0.817057
0.920754
0.313561
0.85908
0.664696
0.199915
0.0287778
0.878316
0.15785
0.58502
0.994779
0.244357
0.52577
0.338085
0.86324
0.54316
0.298041
0.620794
0.249825
0.517737
0.164137
0.222548
0.598731
0.052651
0.230366
0.544091
0.150226
0.0457904
0.466571
0.51077
0.745638
0.798938
0.642289
0.619814
0.616115
0.0381087
0.473594
0.378237
0.865653
0.586816
0.0132282
0.327823
0.101516
0.736957
0.756293
0.14283
0.421349
0.162819
0.836878
0.164954
0.652076
0.0470791
0.736543
0.161143
0.122488
0.213633
0.732377
0.609716
0.0796763
0.72275
0.164732
0.223188
0.108102
0.680404
0.590884
0.701898
0.789389
0.409539
0.154057
0.770484
0.688619
0.858924
0.317723
0.6226
0.354906
0.436892
0.964546
0.962739
0.734553
0.138235
0.39735
0.901383
0.907224
0.872315
0.691298
0.103222
0.0217339
0.852367
0.0444303
0.762792
0.0738554
0.0942602
0.975422
0.668024
0.585009
0.381254
0.246769
0.198163
0.592803
0.725036
0.667239
0.478401
0.706032
0.696619
0.476978
0.956364
0.291374
0.986053
0.869839
0.368152
0.885157
0.0107325
0.0312356
0.366223
0.771088
0.160074
0.294342
0.55308
0.154406
0.216732
0.151607
0.960103
0.892801
0.300652
0.304841
0.106294
0.197293
0.492911
0.578823
0.228112
0.31211
0.142101
0.203955
0.135707
0.361999
0.0751941
0.177606
0.909828
0.995111
0.452598
0.794293
0.196915
0.775193
0.55513
0.699784
0.161258
0.505364
0.442367
0.240439
0.383743
0.0540354
0.458208
0.415016
0.703116
0.410118
0.320737
0.845778
0.101543
0.146298
0.676632
0.774439
0.766428
0.158365
0.164597
0.808571
0.408044
0.363122
0.101992
0.67303
0.743936
0.175055
0.432587
0.951112
0.419396
0.530893
0.877793
0.504528
0.219414
0.16122
0.136086
0.0161957
0.794308
0.520371
0.800398
0.881087
0.810396
0.0991373
0.0261495
0.89496
0.306438
0.254327
0.438655
0.0131738
0.261686
0.817473
0.371753
0.64909
0.506723
0.183358
0.707338
0.775022
0.654372
0.495751
0.0450367
0.941868
0.996417
0.945187
0.729374
0.20819
0.562647
0.500294
0.907002
0.426916
0.0500098
0.353127
0.319783
0.700622
0.0249124
0.4051
0.801312
0.0939073
0.842255
0.0811795
0.294314
0.670288
0.905107
0.155841
0.497253
0.360012
0.311714
0.412862
0.553415
0.799253
0.0157191
0.866689
0.84664
0.195389
0.632087
0.723615
0.261433
0.271353
0.815264
0.262855
0.559597
0.911845
0.564449
0.574272
0.538521
0.197741
0.632168
0.0772598
0.684724
0.74524
0.537686
0.5316
0.57482
0.530517
0.758883
0.79078
0.53947
0.440885
0.127499
0.84432
0.190381
0.341514
0.912263
0.642893
0.595124
0.103362
0.190969
0.289616
0.984796
0.782108
0.490977
0.9209
0.406333
0.994465
0.256995
0.971387
0.294496
0.365747
0.293942
0.443042
0.731367
0.578099
0.86909
0.232581
0.475059
0.753512
0.34152
0.964079
0.308883
0.777476
0.764968
0.0697257
0.106007
0.198882
0.842124
0.859385
0.281798
0.486148
0.755752
0.0851013
0.743011
0.730164
0.575421
0.546259
0.369078
0.639209
0.76938
0.137697
0.827498
0.117373
0.756605
0.637707
0.569556
0.0465773
0.44019
0.0929382
0.6221
0.603648
0.325175
0.811619
0.329014
0.666886
0.473529
0.663843
0.209409
0.914456
0.104321
0.0167185
0.670751
0.0514717
0.946248
0.752879
0.391895
0.667457
0.285438
0.663146
0.485277
0.575435
0.0441248
0.548615
0.806105
0.312396
0.364781
0.118796
0.0635868
0.947919
0.417928
0.826581
0.876869
0.389434
0.795268
0.572215
0.272911
0.846971
0.449515
0.368045
0.939872
0.642228
0.390965
0.100477
0.499725
0.946972
0.79838
0.392748
0.0165686
0.326892
0.169702
0.830736
0.149084
0.445832
0.446387
0.485398
0.464675
0.812676
0.729866
0.677695
0.29308
0.70294
0.232057
0.205138
0.435695
0.548212
0.908181
0.0107461
0.527452
0.934923
0.979232
0.731733
0.41694
0.980053
0.986003
0.54748
0.520772
0.0312477
0.365537
0.125086
0.399232
0.0114307
0.0994893
0.475896
0.829096
0.561051
0.469373
0.23169
0.683921
0.719975
0.601167
0.41658
0.0876613
0.604633
0.980379
0.851618
0.549771
0.785843
0.0798531
0.952926
0.694696
0.945341
0.653065
0.890944
0.655134
0.473494
0.667047
0.738464
0.75705
0.296479
0.678761
0.765782
0.341998
0.507276
0.0980193
0.0743701
0.400103
0.117245
0.57816
0.804945
0.865065
0.674675
0.962946
0.436374
0.908706
0.000756604
0.139097
0.543335
0.846122
0.536746
0.475486
0.89691
0.117612
0.498261
0.415804
0.405516
0.398322
0.743196
0.888454
0.545555
0.644083
0.38604
0.101089
0.918114
0.86518
0.657831
0.0783774
0.540685
0.68785
0.624617
0.544969
0.633678
0.328593
0.880058
0.354881
0.599139
0.569473
0.564761
0.954117
0.35383
0.518937
0.213703
0.803077
0.370972
0.289069
0.6483
0.783134
0.800361
0.530081
0.50412
0.0166186
0.730217
0.156603
0.0770847
0.827441
0.512044
0.552025
0.900016
0.267208
0.890311
0.647849
0.711684
0.784761
0.511159
0.138617
0.511155
0.44878
0.319649
0.82941
0.167091
0.26968
0.251989
0.376899
0.0345244
0.467611
0.951804
0.258238
0.91423
0.709362
0.729152
0.735173
0.784315
0.442945
0.791504
0.0675886
0.118139
0.24517
0.344696
0.952226
0.158048
0.1283
0.250756
0.962584
0.3786
0.411196
0.0667325
0.200614
0.416124
0.739469
0.356821
0.229823
0.444158
0.390515
0.646513
0.151217
0.686508
0.262528
0.834869
0.444046
0.684984
0.0717595
0.314628
0.771235
0.0708107
0.80698
0.518645
0.459496
0.0538447
0.599766
0.266165
0.818697
0.264475
0.318489
0.392988
0.620903
0.603306
0.89231
0.455216
0.949337
0.742312
0.562892
0.267926
0.866188
0.922006
0.0196308
0.886033
0.252557
0.508953
0.787778
0.335092
0.59335
0.912805
0.559238
0.82039
0.113542
0.305527
0.822524
0.140405
0.968638
0.65041
0.806016
0.625496
0.0606941
0.488679
0.521488
0.356499
0.447576
0.2039
0.307412
0.778019
0.92911
0.580134
0.915358
0.914427
0.629009
0.79739
0.734387
0.432528
0.386919
0.346386
0.0333113
0.756995
0.62049
0.474162
0.25079
0.23694
0.569868
0.0140027
0.131107
0.48055
0.549654
0.924376
0.218223
0.489604
0.295829
0.994943
0.263171
0.766257
0.497886
0.539741
0.363465
0.736037
0.362067
0.896181
0.865499
0.959168
0.131366
0.982641
0.365527
0.117652
0.414331
0.877274
0.86999
0.337244
0.950758
0.840225
0.48291
0.168325
0.415696
0.58753
0.986665
0.426731
0.273974
0.22594
0.770571
0.541805
0.637633
0.982141
0.147928
0.692659
0.942283
0.0147478
0.0207081
0.811521
0.941223
0.0514047
0.547161
0.917385
0.258103
0.964112
0.897603
0.856676
0.984588
0.365831
0.212626
0.582527
0.937401
0.641263
0.974099
0.850498
0.082952
0.792116
0.752539
0.98349
0.362735
0.264334
0.327715
0.89023
0.358685
0.302166
0.451882
0.565376
0.485149
0.274596
0.0985482
0.989535
0.782438
0.485868
0.833315
0.383587
0.0718661
0.877061
0.395806
0.838389
0.373345
0.848322
0.73405
0.0721082
0.274131
0.638062
0.518225
0.619726
0.690136
0.839539
0.793061
0.226759
0.906974
0.381417
0.350791
0.61494
0.0795789
0.747049
0.0280204
0.619583
0.293608
0.0181168
0.707218
0.66447
0.594172
0.0725339
0.892553
0.231786
0.903681
0.697638
0.126666
0.841024
0.694879
0.791105
0.930026
0.332959
0.938313
0.740238
0.35755
0.58627
0.548304
0.674713
0.0707839
0.308779
0.109573
0.6967
0.924319
0.889563
0.158958
0.193873
0.303939
0.882891
0.400726
0.696956
0.455684
0.883822
0.861574
0.591624
0.988027
0.70633
0.384261
0.935419
0.505585
0.393738
0.762818
0.199186
0.54733
0.687409
0.646315
0.827398
0.226307
0.253748
0.804755
0.518341
0.185156
0.662481
0.5135
0.0763861
0.423763
0.103789
0.724526
0.488118
0.0398792
0.783054
0.378036
0.974873
0.92567
0.840947
0.266623
0.749877
0.186154
0.634282
0.069193
0.867691
0.888037
0.414015
0.882638
0.464333
0.755711
0.571113
0.0881275
0.610187
0.32624
0.911894
0.855182
0.790971
0.598035
0.475585
0.81552
0.548713
0.858525
0.958533
0.332843
0.134163
0.496046
0.656428
0.235702
0.844529
0.285599
0.501579
0.81897
0.660513
0.224562
0.983944
0.848549
0.0761346
0.275783
0.0106911
0.109594
0.875365
0.327232
0.86381
0.215139
0.273198
0.971294
0.396977
0.306169
0.682781
0.156308
0.252371
0.61596
0.932197
0.955239
0.154041
0.845183
0.649668
0.581308
0.608287
0.52377
0.0816218
0.982637
0.725508
0.0720935
0.373336
0.59333
0.515945
0.86591
0.351059
0.652756
0.0918625
0.0412589
0.659683
0.248989
0.52414
0.615385
0.99397
0.571161
0.0828278
0.450161
0.558986
0.521995
0.483291
0.648528
0.0617333
0.712176
0.877831
0.698676
0.752609
0.176416
0.574138
0.935043
0.0789052
0.171381
0.897537
0.760647
0.326129
0.322337
0.363567
0.172588
0.514607
0.705477
0.320156
0.788121
0.503986
0.485776
0.224805
0.790444
0.353718
0.359367
0.233872
0.276687
0.978258
0.833504
0.898137
0.649278
0.122404
0.0250272
0.87927
0.701462
0.66128
0.476343
0.093033
0.869436
0.641618
0.533116
0.293397
0.368489
0.897545
0.380369
0.495422
0.515178
0.368064
0.625999
0.70481
0.53347
0.956086
0.890955
0.682582
0.323335
0.902836
0.252662
0.422411
0.563015
0.571892
0.215099
0.647371
0.629287
0.438107
0.555175
0.848569
0.989287
0.48184
0.607245
0.903944
0.605823
0.198174
0.997926
0.108063
0.0166945
0.323197
0.565506
0.976955
0.884686
0.314021
0.678908
0.0198586
0.979694
0.697607
0.892496
0.039497
0.712953
0.406472
0.379186
0.0700489
0.433432
0.978537
0.962518
0.785412
0.159261
0.812469
0.0380121
0.36774
0.338278
0.117916
0.952084
0.930603
0.71359
0.0987168
0.347446
0.231065
0.339249
0.0561952
0.308982
0.0993747
0.552747
0.525772
0.906502
0.0519243
0.937041
0.92238
0.275164
0.102339
0.168804
0.964629
0.261081
0.236258
0.931502
0.382066
0.0517741
0.2343
0.86249
0.923053
0.769651
0.753379
0.64017
0.102765
0.630376
0.626006
0.631928
0.241298
0.839203
0.0950592
0.712941
0.248563
0.388019
0.386123
0.199952
0.805212
0.7859
0.983819
0.794333
0.3945
0.911398
0.694849
0.486461
0.962633
0.317527
0.326515
0.868524
0.113754
0.800496
0.334224
0.0423127
0.990858
0.799823
0.187841
0.845139
0.349696
0.12251
0.130273
0.0728463
0.854876
0.167751
0.397269
0.0940417
0.324707
0.871392
0.18164
0.997205
0.140953
0.5041
0.788771
0.929417
0.232866
0.498854
0.451472
0.990441
0.745868
0.535715
0.943815
0.937641
0.580501
0.865651
0.317535
0.456914
0.393999
0.735071
0.411064
0.0818398
0.372898
0.690155
0.518742
0.834821
0.422713
0.0549327
0.469045
0.671811
0.338049
0.321859
0.573134
0.206214
0.723877
0.727598
0.821507
0.716016
0.469793
0.36301
0.884902
0.0470518
0.649708
0.0151126
0.911891
0.302137
0.326962
0.492026
0.335314
0.462128
0.317977
0.396574
0.940534
0.300182
0.559613
0.538274
0.777299
0.923552
0.930424
0.447938
0.413797
0.669567
0.908762
0.739683
0.18768
0.875201
0.114102
0.247661
0.490378
0.121542
0.916546
0.0595305
0.84462
0.720772
0.712343
0.291257
0.704946
0.63564
0.808841
0.166168
0.281965
0.141955
0.0423357
0.45419
0.105972
0.546748
0.249051
0.96328
0.951469
0.813132
0.887917
0.661272
0.293097
0.697385
0.515585
0.416762
0.568431
0.691908
0.813179
0.966722
0.700341
0.109946
0.316514
0.420425
0.925797
0.125152
0.434807
0.28365
0.444902
0.197655
0.0399659
0.650431
0.0200671
0.98616
0.300094
0.298977
0.845405
0.553166
0.763932
0.48262
0.913551
0.0839201
0.778941
0.12251
0.731373
0.92157
0.909434
0.85325
0.466411
0.50247
0.433287
0.192444
0.730359
0.96476
0.998262
0.280757
0.885766
0.134222
0.858771
0.75043
0.968589
0.909115
0.595385
0.557422
0.429238
0.896776
0.286949
0.790289
0.846032
0.246473
0.12799
0.439114
0.381139
0.687129
0.491709
0.521217
0.494268
0.833719
0.942492
0.93867
0.308389
0.272277
0.767527
0.0460887
0.456145
0.443546
0.0700072
0.666329
0.686383
0.485622
0.709595
0.743873
0.0322079
0.332408
0.90057
0.56536
0.852429
0.603044
0.471923
0.593326
0.348914
0.239528
0.61977
0.873443
0.273348
0.757297
0.903938
0.246656
0.719641
0.435566
0.301611
0.93901
0.277089
0.961185
0.526807
0.506387
0.175938
0.383381
0.347686
0.367963
0.486347
0.62496
0.607622
0.771058
0.996641
0.891895
0.524752
0.368125
0.950903
0.479144
0.188843
0.797317
0.536437
0.262053
0.42325
0.258404
0.673604
0.194886
0.410594
0.436194
0.933454
0.68676
0.424825
0.664184
0.710213
0.952825
0.283679
0.445484
0.659158
0.925376
0.764223
0.959326
0.752978
0.826443
0.321363
0.887093
0.780287
0.842442
0.838713
0.9757
0.307981
0.717926
0.907158
0.536759
0.732559
0.476246
0.444971
0.439069
0.246111
0.552338
0.254149
0.853502
0.0826924
0.0790815
0.178682
0.0748239
0.449288
0.656556
0.601397
0.100605
0.694509
0.48145
0.625112
0.545501
0.998932
0.220187
0.4737
0.878862
0.74009
0.827081
0.310018
0.324804
0.852569
0.605131
0.935458
0.335198
0.200051
0.885237
0.255522
0.0512169
0.0705853
0.372661
0.218318
0.101969
0.721319
0.493777
0.72337
0.603012
0.10165
0.696079
0.303568
0.219575
0.913531
0.84686
0.382474
0.248934
0.751046
0.558462
0.729723
0.203724
0.680899
0.113608
0.867231
0.183653
0.792485
0.413162
0.536305
0.655357
0.944719
0.610512
0.917192
0.32931
0.685483
0.281197
0.666004
0.49563
0.811194
0.893052
0.398213
0.273698
0.43427
0.981557
0.655828
0.477091
0.537826
0.130298
0.646505
0.613055
0.35192
0.222097
0.287912
0.287169
0.548992
0.205676
0.481439
0.294062
0.587276
0.349434
0.735599
0.404031
0.974861
0.980215
0.348858
0.198866
0.121221
0.323296
0.411647
0.35878
0.849125
0.882006
0.594271
0.944833
0.0677214
0.4993
0.514333
0.974564
0.0790247
0.251892
0.0237172
0.520694
0.56508
0.91563
0.333195
0.626691
0.507278
0.698093
0.0324817
0.436095
0.671818
0.64993
0.625111
0.0619009
0.159062
0.0133754
0.732208
0.708242
0.152638
0.564392
0.657666
0.113139
0.277135
0.600953
0.231834
0.159298
0.363197
0.680964
0.153504
0.951436
0.0764494
0.092037
0.690206
0.956778
0.517625
0.0791052
0.672342
0.989261
0.134414
0.876958
0.73995
0.673861
0.212321
0.37164
0.349615
0.530408
0.654735
0.632133
0.229184
0.0320836
0.530383
0.0207174
0.956156
0.839586
0.15313
0.034964
0.603808
0.688806
0.920855
0.340256
0.83821
0.861175
0.511009
0.469313
0.698803
0.475684
0.499705
0.133754
0.161306
0.129041
0.70904
0.976977
0.640426
0.139773
0.88837
0.145879
0.630977
0.500682
0.0958111
0.356433
0.589217
0.789422
0.207722
0.532569
0.619718
0.223101
0.52219
0.639868
0.0362505
0.861669
0.859325
0.107559
0.613178
0.300918
0.210434
0.258866
0.708445
0.235926
0.971918
0.482251
0.253589
0.203651
0.298573
0.180739
0.594751
0.163755
0.690097
0.690291
0.505296
0.622153
0.400312
0.231132
0.545905
0.712402
0.661211
0.81737
0.581638
0.101463
0.386084
0.265377
0.596836
0.832242
0.302561
0.872237
0.535149
0.570308
0.469902
0.785237
0.997135
0.688152
0.466416
0.310599
0.266149
0.346274
0.0925389
0.868422
0.392536
0.656939
0.939823
0.954118
0.25692
0.805478
0.306471
0.0604462
0.681293
0.889988
0.118773
0.965516
0.876982
0.23618
0.211198
0.646222
0.0355059
0.599879
0.891557
0.934138
0.594232
0.271465
0.831223
0.391571
0.273139
0.295578
0.451524
0.967668
0.536581
0.0412859
0.467571
0.664036
0.0546447
0.580225
0.295286
0.276073
0.853092
0.832689
0.533329
0.14273
0.543052
0.311636
0.160596
0.902334
0.34538
0.436515
0.761389
0.085548
0.802951
0.546445
0.65944
0.520179
0.509421
0.722971
0.655234
0.382579
0.0720099
0.568829
0.235685
0.591804
0.252134
0.912759
0.679675
0.798665
0.417314
0.872475
0.195303
0.738958
0.321426
0.575811
0.379464
0.73133
0.454682
0.584249
0.664679
0.338315
0.70581
0.692897
0.220018
0.472825
0.333147
0.269195
0.0356649
0.600832
0.126103
0.260607
0.636877
0.875109
0.830995
0.0192694
0.810289
0.129958
0.768783
0.761607
0.507435
0.202337
0.974329
0.65427
0.749415
0.962296
0.063042
0.104256
0.762775
0.109547
0.694991
0.77923
0.843332
0.9629
0.711221
0.262241
0.408114
0.894
0.288947
0.109243
0.846814
0.563733
0.735534
0.504043
0.096642
0.151595
0.260622
0.631551
0.110071
0.928964
0.0579572
0.440164
0.725122
0.3677
0.0642586
0.66321
0.0435705
0.213956
0.201421
0.0251572
0.884123
0.872449
0.649071
0.0142008
0.128239
0.542956
0.607435
0.847758
0.539137
0.127252
0.155021
0.091773
0.919487
0.185579
0.247385
0.528877
0.390201
0.256708
0.694375
0.901819
0.771327
0.0852475
0.0177163
0.758414
0.0382729
0.0503398
0.692022
0.654184
0.601584
0.909408
0.788251
0.622848
0.918104
0.0607901
0.48947
0.0387699
0.148916
0.461521
0.0573175
0.745673
0.733385
0.585583
0.415995
0.194289
0.485601
0.588377
0.870814
0.717581
0.111401
0.697588
0.690636
0.28468
0.915891
0.475515
0.887113
0.967333
0.834622
0.893807
0.129991
0.906138
0.357202
0.0398315
0.681933
0.559349
0.527706
0.675873
0.83811
0.0705233
0.37473
0.336255
0.0588551
0.470088
0.0903925
0.187235
0.0957222
0.0820714
0.453837
0.353686
0.466599
0.935239
0.722773
0.121268
0.845374
0.458101
0.441983
0.65661
0.556854
0.511941
0.0568669
0.781702
0.364778
0.381371
0.261988
0.82411
0.883613
0.0296148
0.939106
0.936649
0.43437
0.787852
0.876813
0.830319
0.497132
0.466267
0.544456
0.17252
0.781138
0.218593
0.711821
0.193106
0.329352
0.828983
0.95619
0.734534
0.0835141
0.283895
0.187718
0.320851
0.490506
0.594911
0.148677
0.743837
0.567622
0.667174
0.715254
0.959354
0.0750328
0.780317
0.868761
0.978491
0.77011
0.841942
0.104665
0.139827
0.641432
0.152394
0.227694
0.0211107
0.712203
0.96831
0.61008
0.693166
0.804583
0.465048
0.45092
0.661791
0.618686
0.896072
0.996949
0.761691
0.190085
0.754008
0.90218
0.561889
0.372981
0.04336
0.567689
0.0470372
0.516537
0.0102273
0.857478
0.689355
0.107967
0.514491
0.981581
0.632705
0.14116
0.578903
0.12399
0.653308
0.500724
0.846961
0.553665
0.486974
0.590711
0.864865
0.921539
0.937773
0.977932
0.608232
0.963066
0.559028
0.0663097
0.795587
0.533619
0.786228
0.66311
0.341182
0.18316
0.451965
0.0338321
0.842843
0.370199
0.699237
0.56689
0.886736
0.620584
0.165621
0.739877
0.781654
0.8985
0.632862
0.57031
0.463901
0.5116
0.304687
0.334348
0.152132
0.311469
0.253753
0.333735
0.827882
0.649519
0.26581
0.331042
0.0762842
0.54732
0.373548
0.750481
0.287251
0.61697
0.807601
0.574913
0.589582
0.374807
0.716098
0.108062
0.903927
0.344678
0.272635
0.148359
0.745893
0.792563
0.380167
0.752982
0.796233
0.280207
0.336999
0.158234
0.683526
0.607539
0.919272
0.520727
0.846496
0.708302
0.968098
0.468831
0.506163
0.457305
0.386056
0.785024
0.529753
0.500715
0.217039
0.296209
0.0965347
0.729361
0.849051
0.647773
0.837927
0.307264
0.0648395
0.447667
0.0977974
0.0424113
0.564456
0.40787
0.0656671
0.502283
0.800711
0.547283
0.86929
0.97918
0.317548
0.648824
0.747719
0.359208
0.930981
0.889808
0.385588
0.0200859
0.254146
0.927133
0.815214
0.123418
0.635703
0.47265
0.449612
0.579108
0.569413
0.2017
0.0877857
0.0221658
0.870319
0.701305
0.491984
0.63509
0.0977323
0.927003
0.724648
0.713586
0.922439
0.483867
0.127087
0.554119
0.734236
0.563022
0.732497
0.659578
0.975251
0.29263
0.169891
0.674226
0.0283163
0.868699
0.924761
0.316155
0.73515
0.443136
0.947622
0.380411
0.249009
0.343112
0.674784
0.820618
0.490161
0.422269
0.282649
0.900495
0.518384
0.366683
0.294703
0.0439566
0.786514
0.742081
0.157507
0.596074
0.177074
0.676098
0.333285
0.174185
0.638101
0.222535
0.769564
0.307835
0.609153
0.0622858
0.469383
0.0947641
0.914935
0.815737
0.398686
0.205489
0.287379
0.635575
0.264924
0.79332
0.623243
0.78403
0.944718
0.22916
0.134442
0.266182
0.443272
0.0916888
0.95999
0.961688
0.176695
0.2228
0.295759
0.603358
0.10861
0.159513
0.229112
0.408469
0.637133
0.641017
0.144234
0.197206
0.854728
0.441598
0.266248
0.437913
0.0950944
0.771221
0.906903
0.314635
0.856011
0.427219
0.879852
0.154974
0.980587
0.0761618
0.662832
0.333937
0.985923
0.593499
0.795576
0.808739
0.764308
0.61913
0.364328
0.47707
0.129474
0.868539
0.670348
0.185307
0.482122
0.37782
0.552707
0.961983
0.409641
0.911319
0.715972
0.0953708
0.771684
0.758849
0.244784
0.110449
0.758209
0.98286
0.982335
0.20588
0.295661
0.268242
0.491743
0.208054
0.924271
0.304995
0.974949
0.405555
0.174476
0.253885
0.104751
0.266096
0.663142
0.771939
0.911529
0.240216
0.627979
0.520424
0.791776
0.112962
0.189047
0.695753
0.225754
0.117128
0.948361
0.306184
0.0755044
0.186891
0.309722
0.140028
0.291204
0.10644
0.186786
0.692359
0.546976
0.870893
0.721767
0.213082
0.443739
0.449127
0.542218
0.691048
0.112464
0.555528
0.408235
0.229388
0.157851
0.531896
0.181494
0.72956
0.64774
0.302408
0.198506
0.742906
0.699887
0.393936
0.988146
0.067216
0.16445
0.465146
0.147787
0.204124
0.665119
0.666618
0.188522
0.430016
0.991289
0.182539
0.707584
0.213777
0.398665
0.123652
0.0918798
0.965203
0.85411
0.57622
0.521232
0.824179
0.812383
0.600365
0.0450312
0.746475
0.532674
0.936768
0.395865
0.735961
0.596573
0.630881
0.988709
0.297
0.276607
0.732155
0.202915
0.437755
0.765469
0.43632
0.830296
0.357496
0.699966
0.271176
0.622976
0.945433
0.535855
0.514314
0.951202
0.271785
0.553219
0.850146
0.963594
0.442631
0.766219
0.372569
0.874756
0.694486
0.945064
0.482494
0.183987
0.746455
0.818475
0.505818
0.84617
0.67954
0.574914
0.0869926
0.319112
0.782027
0.108593
0.280304
0.267603
0.513186
0.221753
0.645509
0.375913
0.162375
0.597454
0.537007
0.772775
0.0456655
0.984556
0.59922
0.154348
0.491234
0.150833
0.359991
0.701337
0.788365
0.183185
0.245036
0.642311
0.457397
0.119849
0.808021
0.118727
0.321415
0.594019
0.528227
0.823827
0.458133
0.685982
0.786871
0.144028
0.18495
0.832622
0.945531
0.464109
0.569327
0.194705
0.896085
0.0787106
0.234475
0.855035
